wind-global.json
{"header": { "discipline":0, "disciplineName":"Meteorological products", "gribEdition":2, "gribLength":51317, "center":7, "centerName":"US National Weather Service - NCEP(WMC)", "subcenter":0, "refTime":"2021-06-25T00:00:00.000Z", "significanceOfRT":1, "significanceOfRTName":"Start of forecast", "productStatus":0, "productStatusName":"Operational products", "productType":2, "productTypeName":"Analysis and Forecast products", "productDefinitionTemplate":0, "productDefinitionTemplateName":"Analysis/forecast at horizontal level/layer at a point in time", "parameterCategory":2, "parameterCategoryName":"Momentum", "parameterNumber":3, "parameterNumberName":"V-component_of_wind", "parameterUnit":"m.s-1", "genProcessType":0, "genProcessTypeName":"Analysis", "forecastTime":32, "surface1Type":103, "surface1TypeName":"Specified height level above ground", "surface1Value":10.0, "surface2Type":255, "surface2TypeName":"Missing", "surface2Value":-9.999E-252, "gridDefinitionTemplate":0, "gridDefinitionTemplateName":"Latitude_Longitude", "numberPoints":37191, "shape":0, "shapeName":"Earth spherical with radius = 6,367,470 m", "gridUnits":"degrees", "resolution":48, "winds":"true", "scanMode":64, "nx":231, "ny":161, "basicAngle":0, "lo1":358.75003, "la1":39.25, "lo2":4.5, "la2":43.25, "dx":0.025, "dy":0.025 }, "data":
[rows 0 to 25 of 161, columns 0 to 57 of 231]
-0.80657005,-0.57219505,-0.34563255,-0.13469505,0.10749245,0.31061745,0.47467995,0.59186745,0.64655495,0.66999245,0.65436745,0.66999245,0.68561745,0.69342995,0.69342995,0.70905495,0.74030495,0.76374245,0.78717995,0.81842995,0.84967995,0.83405495,0.81842995,0.79499245,0.78717995,0.77155495,0.76374245,0.73249245,0.74030495,0.74811745,0.70905495,0.63874245,0.60749245,0.60749245,0.46686745,0.24030495,-0.040945053,-0.16594505,-0.20500755,-0.15813255,0.060617447,0.20905495,0.33405495,0.41999245,0.42780495,0.45905495,0.52155495,0.58405495,0.66217995,0.75592995,0.85749245,0.95905495,1.0606174,1.177805,1.2949924,1.4043674,1.521555,1.6543674
-0.93938255,-0.69719505,-0.46282005,-0.22063255,0.06842995,0.35749245,0.62311745,0.81842995,0.92780495,0.98249245,0.97467995,0.96686745,0.94342995,0.89655495,0.85749245,0.81061745,0.77155495,0.74030495,0.69342995,0.64655495,0.61530495,0.54499245,0.49811745,0.48249245,0.45905495,0.45905495,0.47467995,0.46686745,0.45905495,0.43561745,0.38092995,0.33405495,0.32624245,0.36530495,0.20124245,-0.07219505,-0.40032005,-0.37688255,-0.51750755,-0.62688255,-0.32219505,-0.08782005,0.12311745,0.29499245,0.34186745,0.43561745,0.59967995,0.82624245,1.00593,1.146555,1.2324924,1.3262424,1.4199924,1.5293674,1.646555,1.75593,1.865305,1.9668674
-0.84563255,-0.65813255,-0.50969505,-0.37688255,-0.033132553,0.28717995,0.56842995,0.77155495,0.92780495,1.0137424,0.99811745,0.97467995,0.94342995,0.90436745,0.94342995,0.90436745,0.80280495,0.69342995,0.51374245,0.32624245,0.16217995,0.013742447,-0.08000755,-0.08782005,-0.09563255,-0.07219505,-0.017507553,-0.025320053,-0.056570053,-0.11907005,-0.22063255,-0.25969505,-0.22844505,-0.11125755,-0.17375755,-0.36125755,-0.61125755,-0.31438255,-0.47063255,-0.74407005,-0.51750755,-0.30657005,-0.10344505,0.07624245,0.15436745,0.30280495,0.56061745,1.00593,1.3887424,1.69343,1.7949924,1.8574924,1.91218,1.9981174,2.09968,2.19343,2.2949924,2.38093
-0.43157005,-0.33000755,-0.25969505,-0.19719505,0.052804947,0.37311745,0.67780495,0.79499245,0.91217995,1.00593,1.06843,1.052805,1.021555,0.98249245,0.97467995,0.90436745,0.78717995,0.68561745,0.53717995,0.34967995,0.09967995,-0.025320053,-0.08000755,-0.048757553,0.052804947,0.12311745,0.13874245,0.044992447,-0.009695053,-0.040945053,0.013742447,0.11530495,0.19342995,0.17780495,0.07624245,-0.13469505,-0.43938255,-0.50969505,-0.49407005,-0.42375755,-0.43157005,-0.36907005,-0.29094505,-0.22063255,-0.18938255,-0.06438255,0.19342995,0.77155495,1.365305,1.9199924,2.16218,2.271555,2.3262424,2.38093,2.459055,2.552805,2.646555,2.740305
0.08405495,0.09186745,0.15436745,0.27155495,0.38092995,0.50592995,0.63874245,0.76374245,0.84186745,0.93561745,1.0762424,1.0762424,1.021555,0.94342995,0.93561745,0.90436745,0.84186745,0.69342995,0.52936745,0.38874245,0.35749245,0.37311745,0.41217995,0.47467995,0.45905495,0.44342995,0.42780495,0.34967995,0.27936745,0.24811745,0.37311745,0.55280495,0.64655495,0.56842995,0.59186745,0.62311745,0.64655495,-0.19719505,-0.29875755,-0.009695053,-0.22063255,-0.30657005,-0.33782005,-0.37688255,-0.43938255,-0.36125755,-0.08000755,0.47467995,1.0606174,1.6387424,2.052805,2.3106174,2.4668674,2.552805,2.646555,2.7481174,2.84968,2.9668674
0.39655495,0.35749245,0.41217995,0.53717995,0.54499245,0.54499245,0.56061745,0.62311745,0.69342995,0.77155495,0.88092995,0.99030495,1.0449924,1.03718,1.06843,1.0918674,1.0762424,0.84186745,0.61530495,0.46686745,0.50592995,0.56061745,0.56842995,0.52155495,0.37311745,0.27936745,0.24811745,0.24030495,0.27155495,0.32624245,0.38092995,0.09967995,-0.12688255,0.005929947,0.22467995,0.49030495,0.78717995,0.41999245,0.15436745,-0.048757553,-0.18157005,-0.25188255,-0.29875755,-0.36125755,-0.41594505,-0.30657005,0.06842995,0.61530495,1.052805,1.3887424,1.8106174,2.1387424,2.4043674,2.59968,2.75593,2.896555,3.0293674,3.1543674
0.51374245,0.47467995,0.48249245,0.54499245,0.59186745,0.64655495,0.70124245,0.76374245,0.88092995,1.0293674,1.177805,1.3418674,1.427805,1.41218,1.38093,1.334055,1.2637424,0.99811745,0.85749245,0.78717995,0.75592995,0.69342995,0.59186745,0.43561745,0.34186745,0.25592995,0.18561745,0.26374245,0.31842995,0.33405495,0.23249245,0.037179947,-0.07219505,0.037179947,0.35749245,0.46686745,0.27155495,0.17780495,0.06842995,-0.056570053,-0.11125755,-0.16594505,-0.22844505,-0.32219505,-0.33782005,-0.17375755,0.26374245,0.70905495,1.0762424,1.3731174,1.7012424,2.021555,2.3418674,2.63093,2.8574924,3.0606174,3.2324924,3.3574924
0.57624245,0.53717995,0.51374245,0.49811745,0.59186745,0.67780495,0.77155495,0.87311745,1.021555,1.1699924,1.28718,1.4043674,1.44343,1.365305,1.302805,1.28718,1.2793674,1.084055,0.98249245,0.89655495,0.74811745,0.56842995,0.41217995,0.31061745,0.24030495,0.17780495,0.13874245,0.15436745,0.16999245,0.16217995,0.09186745,0.11530495,0.16217995,0.19342995,0.20124245,0.16999245,0.07624245,0.15436745,0.16999245,0.13092995,0.07624245,0.013742447,-0.07219505,-0.15813255,-0.13469505,0.07624245,0.59186745,0.91999245,1.209055,1.4824924,1.78718,2.09968,2.4199924,2.72468,2.9981174,3.240305,3.4043674,3.521555
0.65436745,0.63874245,0.64655495,0.66999245,0.70124245,0.75592995,0.82624245,0.87311745,0.95124245,1.0293674,1.115305,1.2324924,1.2481174,1.1074924,1.03718,1.084055,1.2012424,1.084055,0.89655495,0.67780495,0.49030495,0.34967995,0.25592995,0.24811745,0.20905495,0.21686745,0.26374245,0.24030495,0.27155495,0.34186745,0.39655495,0.45124245,0.45905495,0.38874245,0.08405495,-0.009695053,0.29499245,0.54499245,0.57624245,0.39655495,0.28717995,0.19342995,0.11530495,0.013742447,0.044992447,0.27155495,0.78717995,1.06843,1.3262424,1.584055,1.9043674,2.22468,2.53718,2.8418674,3.1074924,3.3418674,3.50593,3.6074924
0.75592995,0.78717995,0.86530495,0.95905495,0.91217995,0.92780495,0.96686745,0.94342995,0.96686745,1.052805,1.240305,1.44343,1.47468,1.25593,1.09968,1.13093,1.271555,1.03718,0.71686745,0.41999245,0.31842995,0.31061745,0.32624245,0.35749245,0.41217995,0.47467995,0.52936745,0.53717995,0.53717995,0.52936745,0.55280495,0.63874245,0.70124245,0.59186745,0.44342995,0.45124245,0.70124245,0.93561745,0.90436745,0.60749245,0.50592995,0.42780495,0.34967995,0.20124245,0.22467995,0.42780495,0.91217995,1.1856174,1.427805,1.677805,1.9981174,2.3106174,2.6231174,2.9043674,3.1543674,3.3731174,3.5449924,3.6543674
0.88092995,0.94342995,1.0137424,1.0918674,1.0449924,1.0449924,1.084055,1.1387424,1.209055,1.3418674,1.63093,1.865305,1.94343,1.81843,1.615305,1.50593,1.459055,0.93561745,0.56842995,0.34186745,0.29499245,0.30280495,0.33405495,0.39655495,0.49811745,0.56061745,0.55280495,0.55280495,0.48249245,0.39655495,0.48249245,0.63874245,0.78717995,0.77936745,0.91217995,1.0293674,1.052805,1.31843,1.2793674,0.88092995,0.80280495,0.70905495,0.59186745,0.39655495,0.38874245,0.56061745,1.021555,1.28718,1.521555,1.75593,2.06843,2.365305,2.6543674,2.927805,3.16218,3.38093,3.5449924,3.66218
0.99811745,1.084055,1.115305,1.0918674,1.1387424,1.16218,1.1856174,1.3418674,1.34968,1.302805,1.3106174,1.3887424,1.584055,1.94343,1.8418674,1.521555,1.0137424,0.49811745,0.30280495,0.25592995,0.10749245,0.021554947,0.005929947,0.08405495,0.08405495,0.07624245,0.07624245,0.08405495,0.14655495,0.26374245,0.50592995,0.62311745,0.69342995,0.81842995,1.0137424,1.177805,1.240305,1.5918674,1.6231174,1.2481174,1.09968,0.95124245,0.80280495,0.59186745,0.52936745,0.63874245,1.06843,1.38093,1.6231174,1.7949924,2.1231174,2.4043674,2.6543674,2.9199924,3.1543674,3.3574924,3.5293674,3.646555
1.1231174,1.22468,1.2481174,1.2012424,1.3106174,1.3887424,1.4512424,1.5762424,1.5137424,1.2949924,0.82624245,0.38092995,0.27155495,0.66999245,0.43561745,-0.06438255,-0.71282005,-0.53313255,-0.35344505,-0.21282005,-0.23625755,-0.25188255,-0.25969505,-0.26750755,-0.36125755,-0.41594505,-0.38469505,-0.11125755,0.23249245,0.59967995,0.58405495,0.58405495,0.61530495,0.72467995,0.86530495,1.0137424,1.177805,1.47468,1.66218,1.69343,1.38093,1.16218,1.0137424,0.80280495,0.66999245,0.66999245,1.021555,1.41218,1.7168674,1.84968,2.1543674,2.427805,2.6543674,2.9043674,3.13093,3.3262424,3.4981174,3.6231174
1.2481174,1.3106174,1.3106174,1.2481174,1.3106174,1.396555,1.490305,1.4824924,1.56843,1.584055,1.31843,0.85749245,0.32624245,-0.23625755,-0.98625755,-1.3143826,-1.1581326,-0.81438255,-0.54875755,-0.36125755,-0.19719505,-0.14250755,-0.15032005,-0.22844505,-0.056570053,0.13874245,0.30280495,0.54499245,0.74030495,0.88092995,0.85749245,0.89655495,0.95905495,0.99811745,0.89655495,0.81061745,0.85749245,1.1543674,1.56843,2.0762424,1.66218,1.396555,1.2481174,1.0449924,0.84186745,0.71686745,0.88874245,1.334055,1.7481174,1.959055,2.1699924,2.41218,2.677805,2.8887424,3.09968,3.2949924,3.4512424,3.5762424
1.3106174,1.3106174,1.3106174,1.302805,1.38093,1.44343,1.47468,1.2949924,1.3887424,1.6074924,1.8418674,1.6387424,0.99811745,-0.22844505,-0.57219505,-0.41594505,0.16217995,0.34967995,0.33405495,0.21686745,0.20905495,0.19342995,0.20124245,0.27155495,0.54499245,0.80280495,0.93561745,1.084055,1.0762424,0.94342995,0.99030495,1.0606174,1.1543674,1.3106174,1.334055,1.2949924,1.2324924,1.4043674,1.5918674,1.740305,1.7168674,1.59968,1.396555,1.2324924,1.0449924,0.86530495,0.83405495,1.1699924,1.6231174,2.0449924,2.209055,2.396555,2.6856174,2.88093,3.0762424,3.271555,3.41218,3.521555
1.31843,1.302805,1.3106174,1.34968,1.334055,1.31843,1.2793674,1.1387424,1.052805,0.99030495,0.93561745,0.74030495,0.30280495,-0.50969505,-0.49407005,-0.24407005,0.17780495,0.47467995,0.63874245,0.68561745,0.67780495,0.63874245,0.61530495,0.67780495,0.76374245,0.85749245,0.95905495,0.98249245,0.99811745,1.0137424,0.91217995,0.99030495,1.177805,1.334055,1.521555,1.69343,1.7481174,1.6543674,1.5606174,1.5137424,1.8731174,1.91218,1.59968,1.459055,1.302805,1.13093,0.96686745,1.06843,1.3731174,1.97468,2.2481174,2.4668674,2.66218,2.8731174,3.0606174,3.2324924,3.365305,3.47468
1.28718,1.2637424,1.25593,1.2637424,1.240305,1.16218,1.0449924,0.84186745,0.40436745,-0.11907005,-0.53313255,-0.75969505,-0.92375755,-1.0487576,-0.80657005,-0.50188255,-0.16594505,0.13092995,0.45905495,0.78717995,0.88092995,0.87311745,0.81842995,0.75592995,0.70905495,0.70124245,0.75592995,0.85749245,0.92780495,0.94342995,1.209055,1.4356174,1.6074924,1.72468,1.78718,1.78718,1.7324924,1.7168674,1.802805,2.0137424,2.03718,1.990305,1.896555,1.7168674,1.552805,1.41218,1.2324924,1.146555,1.240305,1.7168674,2.209055,2.552805,2.66218,2.8731174,3.052805,3.2012424,3.3418674,3.4356174
1.25593,1.177805,1.0762424,0.94342995,0.81061745,0.62311745,0.39655495,0.09186745,-0.39250755,-0.86907005,-1.02532,-1.1112576,-1.11907,-1.009695,-0.49407005,-0.040945053,0.27936745,0.42780495,0.62311745,0.84186745,0.91999245,0.88092995,0.81061745,0.77155495,0.74811745,0.75592995,0.81842995,1.052805,1.240305,1.3574924,1.56843,1.7637424,1.9356174,2.00593,1.9043674,1.7168674,1.521555,1.6856174,1.9356174,2.146555,2.0137424,2.03718,2.3106174,2.1231174,1.959055,1.7949924,1.5606174,1.3887424,1.334055,1.5762424,2.084055,2.5293674,2.740305,2.8887424,3.0449924,3.2168674,3.31843,3.4199924
1.22468,1.06843,0.85749245,0.59186745,0.060617447,-0.33782005,-0.61125755,-0.73625755,-0.79875755,-0.76750755,-0.54094505,-0.29875755,-0.14250755,-0.17375755,0.38092995,0.84186745,1.0918674,1.03718,1.00593,0.99811745,0.95905495,0.89655495,0.85749245,0.89655495,0.94342995,1.00593,1.1231174,1.302805,1.490305,1.6699924,1.771555,1.8262424,1.8106174,1.5762424,1.427805,1.3574924,1.38093,1.6387424,1.8887424,1.97468,1.8887424,2.0449924,2.5293674,2.53718,2.427805,2.2168674,1.9512424,1.72468,1.5762424,1.6387424,2.00593,2.4356174,2.8106174,2.9199924,3.0293674,3.1856174,3.302805,3.41218
1.209055,0.99811745,0.74811745,0.43561745,-0.45500755,-0.90813255,-0.97063255,-0.79094505,-0.52532005,-0.19719505,0.16217995,0.59967995,0.83405495,0.63092995,0.94342995,1.25593,1.490305,1.396555,1.302805,1.2168674,1.1856174,1.1856174,1.2168674,1.2949924,1.302805,1.3106174,1.34968,1.459055,1.5606174,1.63093,1.677805,1.521555,1.2012424,0.91217995,0.95124245,1.16218,1.365305,1.5606174,1.7168674,1.78718,1.78718,1.97468,2.459055,2.8731174,2.927805,2.63093,2.28718,2.0293674,1.8574924,1.834055,2.0137424,2.3262424,2.7949924,2.9668674,3.0762424,3.16218,3.2793674,3.396555
1.2168674,0.98249245,0.73249245,0.45124245,-0.26750755,-0.44719505,-0.19719505,-0.009695053,0.10749245,0.26374245,0.67780495,0.98249245,1.084055,0.84186745,0.91217995,1.1231174,1.4668674,1.521555,1.50593,1.4512424,1.5606174,1.6543674,1.7481174,1.78718,1.69343,1.584055,1.5606174,1.6074924,1.6231174,1.56843,1.31843,0.99030495,0.63092995,0.69342995,0.94342995,1.2637424,1.4356174,1.50593,1.56843,1.7012424,1.802805,1.9668674,2.240305,2.896555,3.1543674,2.97468,2.59968,2.3262424,2.146555,2.0762424,2.1074924,2.2637424,2.66218,2.959055,3.146555,3.1856174,3.28718,3.4043674
1.209055,0.97467995,0.68561745,0.31842995,0.16999245,0.16999245,0.29499245,0.42780495,0.50592995,0.62311745,0.99030495,1.0918674,1.0606174,0.93561745,0.91999245,1.09968,1.50593,1.69343,1.7637424,1.7637424,1.91218,2.03718,2.13093,2.1231174,1.990305,1.865305,1.865305,1.7949924,1.69343,1.552805,0.89655495,0.52155495,0.49030495,0.87311745,1.177805,1.4043674,1.50593,1.490305,1.459055,1.50593,1.709055,1.896555,2.0137424,2.5293674,2.896555,3.06843,2.740305,2.521555,2.38093,2.3106174,2.2481174,2.2637424,2.4981174,2.865305,3.16218,3.271555,3.3574924,3.459055
1.19343,0.95124245,0.59967995,0.13092995,0.13092995,0.14655495,0.18561745,0.34186745,0.47467995,0.56842995,0.52936745,0.52155495,0.53717995,0.56842995,0.74811745,1.0606174,1.521555,1.7481174,1.94343,2.115305,2.31843,2.4824924,2.5762424,2.4981174,2.396555,2.2324924,1.959055,1.7793674,1.53718,1.1543674,0.58405495,0.40436745,0.66217995,1.0137424,1.2793674,1.4668674,1.56843,1.56843,1.50593,1.34968,1.5293674,1.7324924,1.8418674,2.021555,2.3418674,2.802805,2.6543674,2.5918674,2.56843,2.50593,2.41218,2.34968,2.4356174,2.75593,3.09968,3.3574924,3.47468,3.5762424
1.1387424,0.91999245,0.66999245,0.38874245,0.26374245,0.29499245,0.45905495,0.45905495,0.43561745,0.37311745,0.27155495,0.24030495,0.24811745,0.31061745,0.53717995,0.86530495,1.302805,1.4356174,1.66218,2.00593,2.53718,2.9512424,3.177805,2.94343,2.740305,2.490305,2.03718,1.6074924,1.115305,0.51374245,0.49030495,0.70124245,1.115305,1.3574924,1.5137424,1.615305,1.72468,1.8574924,1.94343,1.8262424,1.7637424,1.72468,1.6856174,1.66218,1.8731174,2.38093,2.4512424,2.5762424,2.7324924,2.677805,2.5918674,2.521555,2.53718,2.740305,3.0449924,3.41218,3.5918674,3.7168674
1.1231174,0.95124245,0.78717995,0.64655495,0.58405495,0.59967995,0.67780495,0.66999245,0.71686745,0.78717995,0.84186745,0.81061745,0.72467995,0.58405495,0.51374245,0.60749245,0.91217995,1.2949924,1.802805,2.427805,2.8574924,2.834055,2.5137424,2.34968,2.3106174,2.28718,2.13093,1.50593,0.91217995,0.61530495,0.91999245,1.302805,1.677805,1.78718,1.927805,2.0918674,2.1856174,2.34968,2.4512424,2.2324924,2.00593,1.7481174,1.4043674,1.34968,1.5606174,2.084055,2.19343,2.44343,2.8106174,2.8574924,2.8418674,2.7949924,2.771555,2.865305,3.0606174,3.4043674,3.646555,3.8106174
1.1699924,1.0606174,0.94342995,0.82624245,0.77936745,0.81842995,0.92780495,0.91999245,0.92780495,0.95124245,0.97467995,0.95905495,0.91999245,0.84967995,0.76374245,0.77155495,0.95124245,1.47468,2.13093,2.865305,2.240305,1.396555,0.54499245,0.73249245,0.92780495,1.1074924,1.2012424,1.052805,0.98249245,1.209055,1.521555,1.72468,1.771555,1.8887424,2.1387424,2.4981174,2.5762424,2.2012424,1.6699924,1.63093,1.740305,1.72468,1.2481174,1.22468,1.3574924,1.5762424,1.7949924,2.16218,2.6543674,2.94343,3.1074924,3.1699924,3.0918674,3.0918674,3.1699924,3.4043674,3.646555,3.834055
