wind-global.json
{"header": { "discipline":0, "disciplineName":"Meteorological products", "gribEdition":2, "gribLength":51317, "center":7, "centerName":"METEOCAT.", "subcenter":0, "refTime":"2021-06-25T00:00:00.000Z", "significanceOfRT":1, "significanceOfRTName":"Start of forecast", "productStatus":0, "productStatusName":"Operational products", "productType":2, "productTypeName":"Analysis and Forecast products", "productDefinitionTemplate":0, "productDefinitionTemplateName":"Analysis/forecast at horizontal level/layer at a point in time", "parameterCategory":2, "parameterCategoryName":"Momentum", "parameterNumber":2, "parameterNumberName":"U-component_of_wind", "parameterUnit":"m.s-1", "genProcessType":0, "genProcessTypeName":"Analysis", "forecastTime":32, "surface1Type":103, "surface1TypeName":"Specified height level above ground", "surface1Value":10.0, "surface2Type":255, "surface2TypeName":"Missing", "surface2Value":-9.999E-252, "gridDefinitionTemplate":0, "gridDefinitionTemplateName":"Latitude_Longitude", "numberPoints":37191, "shape":0, "shapeName":"Earth spherical with radius = 6,367,470 m", "gridUnits":"degrees", "resolution":48, "winds":"true", "scanMode":64, "nx":231, "ny":161, "basicAngle":0, "lo1":358.75003, "la1":39.25, "lo2":4.5, "la2":43.25, "dx":0.025, "dy":0.025 }, "data":
[rows 78 to 103 of 161, columns 0 to 59 of 231]
1.585515,1.8589525,2.0933275,2.0777025,1.85114,1.491765,0.97614,0.31989002,-0.28948498,-0.570735,-0.664485,-0.74261,-0.96136,-1.164485,-1.30511,-1.320735,-0.8285475,-0.45354748,-0.508235,-0.9379225,-1.2347975,-1.21136,-1.101985,-0.820735,-0.32854748,-0.023859978,0.14801502,0.17926502,0.23395252,0.26520252,0.26520252,0.28864002,0.35114002,0.44489002,0.5464525,0.5620775,0.5152025,0.45270252,0.5464525,0.710515,0.69489,0.554265,0.39020252,0.43707752,0.554265,0.63239,0.46051502,0.27301502,0.13239002,0.19489002,0.046452522,-0.039484978,0.17145252,0.06989002,-0.27385998,-0.93011,-0.89886,-0.726985,-0.5316725,-0.68011
1.2808275,1.4839525,1.69489,1.66364,1.50739,1.2495775,0.8433275,0.23395252,-0.33635998,-0.539485,-0.633235,-0.726985,-0.945735,-1.133235,-1.2816725,-1.33636,-0.96136,-0.6410475,-0.6097975,-0.851985,-1.0316725,-1.039485,-0.89886,-0.6097975,-0.14104748,0.08551502,0.21832752,0.24957752,0.25739002,0.25739002,0.24957752,0.35114002,0.46051502,0.5620775,0.585515,0.554265,0.46832752,0.38239002,0.39801502,0.46051502,0.30426502,0.18707752,0.14801502,0.34332752,0.47614002,0.5308275,0.39020252,0.21832752,0.09332752,0.15582752,0.10114002,0.038640022,0.09332752,-0.18010998,-0.570735,-0.9691725,-0.914485,-0.789485,-0.71136,-0.80511
0.9527025,1.0933275,1.2652025,1.2339525,1.06989,0.8433275,0.6089525,0.19489002,-0.24260998,-0.47698498,-0.6566725,-0.7972975,-0.914485,-1.039485,-1.133235,-1.14886,-1.0004225,-0.851985,-0.77386,-0.7660475,-0.80511,-0.8910475,-0.726985,-0.46917248,-0.10198498,0.08551502,0.21051502,0.27301502,0.26520252,0.28864002,0.35114002,0.49957752,0.5620775,0.5308275,0.523015,0.49176502,0.42926502,0.12457752,-0.031672478,-0.09417248,-0.18792248,-0.16448498,-0.07073498,-4.2247772E-4,0.054265022,0.12457752,0.23395252,0.17926502,0.09332752,0.21832752,0.24176502,0.17926502,-0.023859978,-0.38323498,-0.74261,-0.99261,-1.02386,-1.008235,-1.0004225,-1.0160475
0.5464525,0.6402025,0.773015,0.7495775,0.5777025,0.36676502,0.39020252,0.25739002,0.023015022,-0.37542248,-0.5785475,-0.7347975,-0.9379225,-1.11761,-1.24261,-1.2504225,-1.08636,-0.8910475,-0.7035475,-0.58636,-0.570735,-0.6879225,-0.6254225,-0.44573498,-0.10979748,0.06989002,0.20270252,0.31207752,0.30426502,0.33551502,0.43707752,0.5152025,0.42926502,0.18707752,0.32770252,0.36676502,0.28082752,-0.32854748,-0.6410475,-0.71136,-0.64886,-0.5472975,-0.46917248,-0.664485,-0.6879225,-0.5785475,-0.31292248,-0.24260998,-0.23479748,-0.07073498,0.14801502,0.30426502,0.15582752,-0.22698498,-0.6410475,-0.8597975,-0.9847975,-1.0785475,-1.164485,-1.21136
0.06989002,0.09332752,0.12457752,0.17145252,0.21832752,0.26520252,0.30426502,0.26520252,0.16364002,-0.07073498,-0.18792248,-0.31292248,-0.601985,-0.9847975,-1.2972975,-1.3285475,-1.24261,-1.0941725,-0.8754225,-0.5160475,-0.33635998,-0.55511,-0.570735,-0.42229748,-0.06292248,0.038640022,0.15582752,0.32770252,0.35895252,0.38239002,0.41364002,0.31207752,0.20270252,0.07770252,0.43707752,0.48395252,0.22614002,-0.39104748,-0.77386,-0.9379225,-0.914485,-0.945735,-1.039485,-1.3129225,-1.3754225,-1.2972975,-1.2191725,-1.1097975,-0.976985,-0.8285475,-0.35198498,0.20270252,0.37457752,0.023015022,-0.46917248,-0.6410475,-0.77386,-0.9222975,-1.14886,-1.2660475
-0.31292248,-0.37542248,-0.47698498,-0.30510998,-0.031672478,0.21832752,0.13239002,0.0073900223,-0.07854748,0.015202522,0.17145252,0.20270252,-0.21917248,-0.83636,-1.383235,-1.5472975,-1.4691725,-1.2816725,-1.008235,-0.601985,-0.35198498,-0.5004225,-0.48479748,-0.38323498,-0.19573498,-0.16448498,-0.047297478,0.21832752,0.39801502,0.46051502,0.38239002,0.22614002,0.18707752,0.29645252,0.35895252,0.28864002,0.07770252,-0.26604748,-0.6410475,-1.0316725,-1.039485,-1.0785475,-1.164485,-1.5941725,-1.8285475,-1.9222975,-1.8754225,-1.7972975,-1.6722975,-1.4066725,-0.8597975,-0.24260998,-0.023859978,-0.16448498,-0.41448498,-0.41448498,-0.539485,-0.7504225,-1.070735,-1.2504225
-0.47698498,-0.6097975,-0.7660475,-0.58636,-0.25823498,0.06989002,-0.055109978,-0.16448498,-0.18792248,0.10895252,0.39020252,0.49176502,0.038640022,-0.7191725,-1.4379225,-1.695735,-1.539485,-1.30511,-1.1722975,-1.008235,-0.8597975,-0.74261,-0.6410475,-0.539485,-0.46135998,-0.39104748,-0.22698498,0.08551502,0.37457752,0.42926502,0.14801502,0.11676502,0.030827522,-0.17229748,-0.30510998,-0.22698498,0.09332752,-0.26604748,-0.61761,-0.9379225,-0.8441725,-0.758235,-0.7035475,-0.93011,-1.21136,-1.52386,-1.695735,-1.7191725,-1.6410475,-1.508235,-1.2035475,-0.83636,-0.77386,-0.570735,-0.29729748,-0.039484978,-0.25823498,-0.7035475,-1.11761,-1.351985
-0.5629225,-0.6879225,-0.86761,-0.7035475,-0.45354748,-0.21917248,-0.36760998,-0.25042248,0.0073900223,0.35895252,0.554265,0.5933275,0.30426502,-0.42229748,-1.195735,-1.61761,-1.5316725,-1.320735,-1.1722975,-1.039485,-0.93011,-0.8597975,-0.7816725,-0.7191725,-0.68011,-0.570735,-0.30510998,0.21051502,0.36676502,0.31207752,0.0073900223,-0.25042248,-0.36760998,-0.29729748,-0.023859978,0.015202522,-0.25042248,-0.633235,-0.8910475,-1.0004225,-0.8910475,-0.8754225,-0.945735,-1.1254225,-1.320735,-1.52386,-1.5629225,-1.5785475,-1.570735,-1.5316725,-1.3754225,-1.164485,-1.1566725,-0.7972975,-0.26604748,0.030827522,-0.27385998,-0.851985,-1.2972975,-1.570735
-0.58636,-0.68011,-0.851985,-0.71136,-0.52386,-0.36760998,-0.6097975,-0.33635998,0.16364002,0.554265,0.60114,0.523015,0.50739,0.038640022,-0.5629225,-1.0472975,-1.164485,-1.14886,-1.08636,-0.945735,-0.820735,-0.789485,-0.758235,-0.74261,-0.74261,-0.61761,-0.32073498,0.24957752,0.26520252,0.12457752,-0.11760998,-0.31292248,-0.35198498,-0.17229748,0.10114002,-0.016047478,-0.6566725,-1.02386,-1.21136,-1.195735,-1.1097975,-1.0472975,-1.02386,-1.0316725,-1.0472975,-1.0785475,-1.14886,-1.2660475,-1.43011,-1.49261,-1.4847975,-1.4222975,-1.33636,-1.0941725,-0.77386,-0.5941725,-0.6566725,-0.8754225,-1.24261,-1.52386
-0.5629225,-0.6410475,-0.8129225,-0.726985,-0.570735,-0.43010998,-0.5785475,-0.27385998,0.20270252,0.39020252,0.42145252,0.42145252,0.63239,0.34332752,-0.11760998,-0.46917248,-0.6566725,-0.789485,-0.96136,-0.9066725,-0.80511,-0.77386,-0.74261,-0.695735,-0.6410475,-0.5472975,-0.31292248,0.14801502,0.062077522,-0.08635998,-0.18792248,-0.31292248,-0.34417248,-0.21917248,0.023015022,-0.12542248,-0.8285475,-1.226985,-1.4691725,-1.5472975,-1.61761,-1.5316725,-1.2660475,-1.0941725,-1.0785475,-1.226985,-1.39886,-1.5316725,-1.633235,-1.601985,-1.601985,-1.6097975,-1.476985,-1.3129225,-1.11761,-0.99261,-0.945735,-0.9847975,-1.2972975,-1.55511
-0.539485,-0.61761,-0.8129225,-0.7816725,-0.68011,-0.5472975,-0.49260998,-0.21135998,0.12457752,0.08551502,0.21832752,0.44489002,0.6714525,0.28082752,-0.28167248,-0.508235,-0.5629225,-0.601985,-0.83636,-0.820735,-0.7504225,-0.7660475,-0.7504225,-0.6879225,-0.5785475,-0.508235,-0.39885998,-0.18010998,-0.22698498,-0.27385998,-0.21135998,-0.41448498,-0.5941725,-0.6566725,-0.55511,-0.64886,-1.08636,-1.3441725,-1.55511,-1.74261,-1.914485,-1.883235,-1.61761,-1.4535475,-1.4691725,-1.6722975,-1.8285475,-1.945735,-2.0316725,-1.93011,-1.7972975,-1.6410475,-1.4847975,-1.36761,-1.289485,-1.2035475,-1.14886,-1.1410475,-1.2972975,-1.4066725
-0.49260998,-0.6097975,-0.83636,-0.8441725,-0.7504225,-0.61761,-0.64886,-0.42229748,-0.10198498,0.030827522,0.29645252,0.5620775,0.5933275,-0.047297478,-0.820735,-1.0316725,-0.93011,-0.758235,-0.7504225,-0.633235,-0.5472975,-0.6722975,-0.726985,-0.7347975,-0.6566725,-0.6097975,-0.5785475,-0.55511,-0.52386,-0.48479748,-0.45354748,-0.7504225,-1.0629225,-1.30511,-1.36761,-1.414485,-1.4691725,-1.55511,-1.7191725,-2.0004225,-2.1722975,-2.164485,-1.945735,-1.86761,-1.89886,-2.05511,-2.1254225,-2.133235,-2.0785475,-1.83636,-1.6722975,-1.601985,-1.68011,-1.7347975,-1.74261,-1.695735,-1.5785475,-1.414485,-1.39886,-1.445735
-0.44573498,-0.58636,-0.8285475,-0.8285475,-0.6879225,-0.49260998,-0.6097975,-0.5316725,-0.33635998,-0.06292248,0.32770252,0.6714525,0.46051502,-0.28948498,-1.133235,-1.27386,-1.1722975,-0.9535475,-0.7191725,-0.55511,-0.49260998,-0.68011,-0.7816725,-0.8285475,-0.8285475,-0.7816725,-0.726985,-0.695735,-0.71136,-0.80511,-1.039485,-1.2972975,-1.5472975,-1.7816725,-1.8910475,-1.914485,-1.80511,-1.89886,-2.08636,-2.3910475,-2.4691725,-2.414485,-2.1879225,-2.1566725,-2.1722975,-2.2347975,-2.21136,-2.1410475,-2.0160475,-1.851985,-1.80511,-1.883235,-2.0316725,-2.1254225,-2.164485,-2.11761,-1.96136,-1.7035475,-1.633235,-1.6410475
-0.39885998,-0.5316725,-0.7972975,-0.695735,-0.43010998,-0.13323498,-0.36760998,-0.5629225,-0.6879225,-0.5160475,-0.031672478,0.5152025,0.49176502,-0.08635998,-0.851985,-1.2504225,-1.3441725,-1.258235,-0.99261,-0.8129225,-0.7191725,-0.8441725,-0.9535475,-1.0160475,-0.96136,-0.8285475,-0.7191725,-0.71136,-0.93011,-1.24261,-1.5941725,-1.7191725,-1.8129225,-1.9222975,-2.0316725,-2.1097975,-2.11761,-2.258235,-2.43011,-2.6254225,-2.633235,-2.5472975,-2.383235,-2.320735,-2.289485,-2.289485,-2.1879225,-2.0941725,-2.0160475,-2.11761,-2.2191725,-2.3129225,-2.24261,-2.164485,-2.0941725,-2.02386,-1.9066725,-1.7504225,-1.8285475,-1.93011
-0.32854748,-0.44573498,-0.726985,-0.633235,-0.32854748,0.054265022,-0.10198498,-0.35198498,-0.6410475,-0.8285475,-0.633235,-0.24260998,0.14020252,-0.016047478,-0.45354748,-1.0316725,-1.24261,-1.24261,-1.1097975,-1.02386,-0.9847975,-1.0785475,-1.0629225,-0.9535475,-0.68011,-0.68011,-0.8129225,-1.039485,-1.320735,-1.601985,-1.820735,-1.914485,-1.9691725,-2.008235,-2.133235,-2.2816725,-2.4222975,-2.5160475,-2.6097975,-2.7347975,-2.74261,-2.664485,-2.49261,-2.36761,-2.289485,-2.27386,-2.0941725,-1.9535475,-1.9066725,-2.08636,-2.2504225,-2.351985,-2.226985,-2.0941725,-1.9691725,-1.86761,-1.789485,-1.726985,-1.9691725,-2.1566725
-0.28948498,-0.40667248,-0.68011,-0.6410475,-0.39104748,-0.039484978,-0.047297478,-0.13323498,-0.28948498,-0.570735,-0.68011,-0.6566725,-0.35198498,-0.32854748,-0.508235,-1.0160475,-1.195735,-1.2035475,-1.164485,-1.164485,-1.1254225,-0.8597975,-0.601985,-0.43792248,-0.5785475,-1.0316725,-1.5316725,-1.8285475,-1.8910475,-1.9066725,-2.0160475,-2.101985,-2.1722975,-2.1879225,-2.33636,-2.5160475,-2.7035475,-2.7816725,-2.8285475,-2.8441725,-2.74261,-2.570735,-2.3285475,-2.2035475,-2.0941725,-1.976985,-1.851985,-1.7816725,-1.8129225,-1.8129225,-1.8754225,-2.05511,-2.2347975,-2.36761,-2.4379225,-2.27386,-2.1097975,-1.9691725,-2.1722975,-2.3129225
-0.30510998,-0.38323498,-0.61761,-0.71136,-0.5629225,-0.25823498,-0.10979748,-0.055109978,-0.07073498,-0.16448498,-0.32854748,-0.508235,-0.5941725,-0.7035475,-0.83636,-1.0629225,-1.164485,-1.1879225,-1.1879225,-1.0785475,-0.883235,-0.5629225,-0.46917248,-0.58636,-1.070735,-1.55511,-1.945735,-2.0160475,-1.945735,-1.8597975,-1.8910475,-1.9535475,-2.02386,-2.0629225,-2.18011,-2.2972975,-2.3441725,-2.21136,-2.101985,-2.164485,-2.2191725,-2.21136,-2.08636,-2.1097975,-2.164485,-2.226985,-2.1410475,-2.02386,-1.883235,-1.8597975,-1.93011,-2.133235,-2.3285475,-2.5004225,-2.64886,-2.5160475,-2.36761,-2.24261,-2.445735,-2.5160475
-0.36760998,-0.43010998,-0.6722975,-0.7816725,-0.61761,-0.28167248,-0.17229748,-0.10198498,-0.06292248,-0.09417248,-0.23479748,-0.46917248,-0.758235,-0.9379225,-1.02386,-1.02386,-1.08636,-1.1410475,-1.02386,-0.7972975,-0.5472975,-0.46917248,-0.6566725,-1.008235,-1.508235,-1.8285475,-2.0160475,-2.0160475,-1.914485,-1.77386,-1.633235,-1.5941725,-1.633235,-1.80511,-1.945735,-2.0472975,-2.039485,-2.1097975,-2.2191725,-2.3285475,-2.24261,-2.101985,-2.0004225,-2.070735,-2.11761,-2.008235,-1.83636,-1.7504225,-1.851985,-1.96136,-2.0629225,-2.1566725,-2.3441725,-2.570735,-2.8285475,-2.726985,-2.58636,-2.46136,-2.508235,-2.4222975
-0.46135998,-0.52386,-0.758235,-0.789485,-0.5941725,-0.25823498,-0.33635998,-0.35198498,-0.33635998,-0.41448498,-0.570735,-0.77386,-0.99261,-1.0941725,-1.11761,-0.976985,-0.9535475,-0.96136,-0.77386,-0.5785475,-0.43010998,-0.58636,-0.93011,-1.351985,-1.71136,-1.8910475,-1.9691725,-1.976985,-1.8754225,-1.71136,-1.4691725,-1.3754225,-1.414485,-1.71136,-1.93011,-2.1097975,-2.2504225,-2.4066725,-2.476985,-2.3285475,-2.0941725,-1.8754225,-1.7504225,-1.7347975,-1.7191725,-1.6566725,-1.6722975,-1.77386,-2.0472975,-2.320735,-2.55511,-2.6722975,-2.71136,-2.7035475,-2.64886,-2.5629225,-2.508235,-2.539485,-2.43011,-2.2660475
-0.5941725,-0.633235,-0.8285475,-0.789485,-0.6254225,-0.40667248,-0.61761,-0.7347975,-0.7972975,-0.9691725,-1.1254225,-1.258235,-1.30511,-1.289485,-1.2191725,-1.039485,-0.89886,-0.7816725,-0.601985,-0.48479748,-0.44573498,-0.71136,-1.0941725,-1.5004225,-1.74261,-1.8910475,-1.99261,-2.039485,-1.99261,-1.8910475,-1.74261,-1.71136,-1.7504225,-1.86761,-1.9222975,-2.0004225,-2.258235,-2.4222975,-2.4535475,-2.2035475,-2.0316725,-1.9066725,-1.8285475,-1.820735,-1.83636,-1.8597975,-1.9222975,-2.05511,-2.3129225,-2.5472975,-2.6722975,-2.5472975,-2.33636,-2.18011,-2.1879225,-2.289485,-2.3597975,-2.3441725,-2.2347975,-2.1722975
-0.758235,-0.789485,-0.9379225,-0.83636,-0.74261,-0.6722975,-0.9535475,-1.1566725,-1.3129225,-1.5160475,-1.58636,-1.570735,-1.5160475,-1.46136,-1.3754225,-1.2035475,-0.9691725,-0.7191725,-0.52386,-0.44573498,-0.46917248,-0.7816725,-1.164485,-1.5316725,-1.7035475,-1.883235,-2.05511,-2.195735,-2.24261,-2.2504225,-2.226985,-2.2504225,-2.2660475,-2.14886,-1.99261,-1.89886,-2.101985,-2.2660475,-2.36761,-2.2972975,-2.258235,-2.2347975,-2.195735,-2.2191725,-2.27386,-2.3910475,-2.4691725,-2.508235,-2.4691725,-2.3910475,-2.27386,-2.11761,-2.0316725,-2.0316725,-2.1722975,-2.2816725,-2.320735,-2.2504225,-2.258235,-2.3129225
-0.9535475,-0.99261,-1.0941725,-0.945735,-0.8754225,-0.9066725,-1.27386,-1.539485,-1.7191725,-1.820735,-1.7660475,-1.61761,-1.601985,-1.61761,-1.633235,-1.4222975,-1.101985,-0.726985,-0.48479748,-0.42229748,-0.5004225,-0.8597975,-1.195735,-1.4847975,-1.5785475,-1.7972975,-2.070735,-2.30511,-2.43011,-2.5004225,-2.570735,-2.58636,-2.5316725,-2.2660475,-2.0629225,-1.9535475,-2.0785475,-2.2035475,-2.30511,-2.320735,-2.27386,-2.226985,-2.2660475,-2.4222975,-2.6097975,-2.789485,-2.7972975,-2.6722975,-2.351985,-2.1566725,-2.05511,-2.101985,-2.11761,-2.133235,-2.195735,-2.24261,-2.2660475,-2.2816725,-2.445735,-2.6254225
-1.070735,-1.08636,-1.1254225,-1.0160475,-1.0316725,-1.1566725,-1.5316725,-1.726985,-1.789485,-1.77386,-1.7972975,-1.86761,-2.0004225,-2.05511,-2.0316725,-1.695735,-1.24261,-0.74261,-0.45354748,-0.38323498,-0.47698498,-0.8285475,-1.0941725,-1.2972975,-1.36761,-1.64886,-2.0316725,-2.3129225,-2.508235,-2.6566725,-2.80511,-2.74261,-2.52386,-2.133235,-1.976985,-1.9691725,-2.11761,-2.21136,-2.2660475,-2.24261,-2.1566725,-2.08636,-2.1879225,-2.43011,-2.7035475,-2.86761,-2.820735,-2.6410475,-2.289485,-2.1879225,-2.226985,-2.445735,-2.46136,-2.3910475,-2.2660475,-2.195735,-2.2035475,-2.383235,-2.664485,-2.9066725
-1.070735,-1.0629225,-1.0472975,-1.008235,-1.101985,-1.2972975,-1.52386,-1.61761,-1.6254225,-1.8910475,-2.2035475,-2.52386,-2.5316725,-2.4066725,-2.1722975,-1.7504225,-1.289485,-0.820735,-0.49260998,-0.27385998,-0.16448498,-0.40667248,-0.7347975,-1.11761,-1.4691725,-1.8129225,-2.14886,-2.383235,-2.71136,-3.0472975,-3.070735,-2.789485,-2.3597975,-2.101985,-2.0004225,-1.99261,-2.0941725,-2.2347975,-2.36761,-2.3910475,-2.3910475,-2.3910475,-2.4379225,-2.52386,-2.64886,-2.820735,-2.851985,-2.789485,-2.5941725,-2.570735,-2.633235,-2.726985,-2.61761,-2.4222975,-2.2035475,-2.164485,-2.27386,-2.6254225,-2.9691725,-3.226985
-0.9535475,-0.96136,-0.99261,-1.0316725,-1.1566725,-1.351985,-1.58636,-1.789485,-1.99261,-2.3910475,-2.695735,-2.89886,-2.7504225,-2.52386,-2.226985,-1.80511,-1.3597975,-0.9066725,-0.45354748,-0.016047478,0.32770252,-0.18792248,-0.96136,-1.8754225,-2.33636,-2.7504225,-3.0941725,-3.195735,-3.2347975,-3.21136,-3.039485,-2.8129225,-2.58636,-2.570735,-2.55511,-2.539485,-2.5160475,-2.49261,-2.46136,-2.383235,-2.383235,-2.414485,-2.4535475,-2.5316725,-2.6410475,-2.89886,-3.039485,-3.08636,-3.0004225,-2.976985,-2.9535475,-2.74261,-2.445735,-2.164485,-2.0629225,-2.1879225,-2.4535475,-2.89886,-3.27386,-3.508235
-0.86761,-0.83636,-0.8285475,-0.93011,-1.195735,-1.601985,-1.976985,-2.226985,-2.36761,-2.6410475,-2.851985,-3.0004225,-2.8285475,-2.55511,-2.2035475,-1.8597975,-1.4691725,-1.039485,-0.5004225,-0.32854748,-0.48479748,-1.3910475,-2.1566725,-2.789485,-3.070735,-3.3754225,-3.6722975,-3.7035475,-3.5629225,-3.320735,-3.195735,-3.164485,-3.1722975,-3.05511,-2.89886,-2.7347975,-2.61761,-2.508235,-2.414485,-2.383235,-2.4222975,-2.5004225,-2.5785475,-2.6722975,-2.7972975,-3.0472975,-3.164485,-3.1722975,-2.976985,-2.86761,-2.7972975,-2.64886,-2.4691725,-2.30511,-2.2816725,-2.351985,-2.5316725,-3.0004225,-3.351985,-3.5472975
