wind-global.json
{"header": { "discipline":0, "disciplineName":"Meteorological products", "gribEdition":2, "gribLength":51317, "center":7, "centerName":"US National Weather Service - NCEP(WMC)", "subcenter":0, "refTime":"2021-06-24T00:00:00.000Z", "significanceOfRT":1, "significanceOfRTName":"Start of forecast", "productStatus":0, "productStatusName":"Operational products", "productType":2, "productTypeName":"Analysis and Forecast products", "productDefinitionTemplate":0, "productDefinitionTemplateName":"Analysis/forecast at horizontal level/layer at a point in time", "parameterCategory":2, "parameterCategoryName":"Momentum", "parameterNumber":3, "parameterNumberName":"V-component_of_wind", "parameterUnit":"m.s-1", "genProcessType":0, "genProcessTypeName":"Analysis", "forecastTime":56, "surface1Type":103, "surface1TypeName":"Specified height level above ground", "surface1Value":10.0, "surface2Type":255, "surface2TypeName":"Missing", "surface2Value":-9.999E-252, "gridDefinitionTemplate":0, "gridDefinitionTemplateName":"Latitude_Longitude", "numberPoints":37191, "shape":0, "shapeName":"Earth spherical with radius = 6,367,470 m", "gridUnits":"degrees", "resolution":48, "winds":"true", "scanMode":64, "nx":231, "ny":161, "basicAngle":0, "lo1":358.75003, "la1":39.25, "lo2":4.5, "la2":43.25, "dx":0.025, "dy":0.025 }, "data":
[rows 130 to 155 of 161, columns 116 to 173 of 231]
1.4314213,1.8845463,2.3611088,2.7204838,2.8298588,2.2361088,1.5017338,0.9392338,1.4626713,2.0876713,1.9861088,2.0954838,2.2361088,2.2907963,2.2907963,2.3845463,2.8376713,2.6423588,2.2439213,2.0954838,1.8532963,1.6189213,1.4861088,0.5720463,-0.6857662,-1.2248287,-1.2404537,-1.0060787,-1.3810787,-1.2482662,-0.7482662,0.05642128,0.5251713,0.6736088,0.5642338,0.5954838,0.8064213,0.7751713,0.5407963,0.07985878,-0.06076622,-0.08420372,0.00954628,-0.17795372,-0.46701622,-0.8967037,-1.2092037,-1.4201412,-1.4904537,-1.5607662,-1.6154537,-1.6545162,-1.7013912,-1.6935787,-1.5763912,-1.0685787,-0.5685787,-0.26389122
1.5564213,1.5173588,1.7204838,1.8376713,1.5486088,0.8454838,0.30642128,0.6579838,1.5095463,2.2986088,2.2282963,2.3376713,2.5407963,2.8220463,2.8532963,2.7751713,2.7439213,2.6501713,2.5251713,2.2361088,2.1814213,2.1814213,1.6501713,0.6267338,-0.6310787,-0.7951412,-0.8107662,-0.7092037,-1.1232662,-1.3576412,-1.4201412,-0.49826622,-0.09201622,-0.28732872,-0.39670372,-0.30295372,0.04079628,0.28298378,0.39235878,0.33767128,0.21267128,0.04860878,-0.17795372,-0.33420372,-0.5138912,-0.7717037,-0.9123287,-1.0138912,-1.0842037,-1.0998287,-1.1232662,-1.1623287,-1.2795162,-1.4123287,-1.5138912,-1.2717037,-0.8810787,-0.33420372
1.6267338,1.1267338,1.0720463,1.1032963,0.8923588,0.6657963,0.6267338,1.3454838,1.9939213,2.4782963,2.2986088,2.2282963,2.2439213,2.4939213,2.5329838,2.4314213,2.3376713,2.5564213,2.9861088,2.7829838,2.3767338,1.7673588,0.9001713,0.32985878,0.06423378,0.10329628,0.17360878,0.22829628,-0.6076412,-1.3263912,-1.8342037,-1.1076412,-0.7248287,-0.8967037,-0.8810787,-0.6701412,-0.23264122,0.16579628,0.45485878,0.5251713,0.41579628,0.20485878,-0.16232872,-0.34982872,-0.43576622,-0.33420372,-0.37326622,-0.48264122,-0.6232662,-0.7013912,-0.7560787,-0.8185787,-0.9357662,-1.0607662,-1.1467037,-1.1701412,-1.0842037,-0.45139122
2.0095463,1.3845463,1.1579838,1.1111088,1.1892338,1.3454838,1.5564213,1.9157963,2.1970463,2.4001713,2.2282963,2.0564213,1.8845463,1.8845463,1.8689213,1.8532963,1.9470463,2.1736088,2.5017338,2.5329838,2.0329838,0.9314213,0.7986088,0.9939213,1.5407963,1.7595463,1.6736088,1.2517338,-0.01389122,-1.0998287,-1.7638912,-1.7482662,-1.6857662,-1.7248287,-1.4748287,-1.1232662,-0.6467037,-0.19357872,0.18923378,0.43923378,0.44704628,0.32204628,0.05642128,-0.13889122,-0.25607872,-0.19357872,-0.33420372,-0.5763912,-0.8342037,-1.0060787,-1.1467037,-1.2717037,-1.3654537,-1.4357662,-1.4904537,-1.7248287,-1.9982662,-0.9513912
2.8064213,2.5251713,2.2673588,2.0329838,1.9782963,2.0329838,2.1657963,2.2361088,2.2986088,2.3454838,2.1814213,1.9939213,1.8064213,1.6423588,1.5486088,1.5095463,1.6970463,1.8142338,1.8298588,2.0017338,1.8532963,1.2673588,1.4314213,1.7204838,2.0329838,2.0876713,1.8454838,1.1111088,0.38454628,-0.15451622,-0.34982872,-0.6545162,-1.0373287,-1.5373287,-1.6623287,-1.6388912,-1.4670162,-1.1232662,-0.7013912,-0.17014122,0.07204628,0.18142128,0.15798378,0.12673378,0.07204628,-0.10764122,-0.27951622,-0.43576622,-0.5920162,-0.7482662,-0.9045162,-1.1154537,-1.2795162,-1.3967037,-1.4513912,-1.7951412,-2.4435787,-1.3967037
3.7439213,3.8767338,3.7595463,3.4470463,2.9157963,2.5954838,2.4626713,2.6267338,2.6579838,2.5564213,2.1189213,1.7204838,1.3689213,1.1189213,0.9157963,0.7595463,1.0251713,1.2282963,1.2595463,1.6501713,1.9157963,1.8532963,1.7126713,1.4939213,1.2048588,1.0173588,0.8611088,0.7751713,0.5798588,0.43923378,0.5720463,0.43142128,0.10329628,-0.49045372,-0.9904537,-1.3888912,-1.5920162,-1.5763912,-1.4201412,-0.9201412,-0.49826622,-0.13889122,0.06423378,0.15798378,0.15798378,-0.08420372,-0.27170372,-0.42795372,-0.5217037,-0.6232662,-0.7248287,-0.9513912,-1.1935787,-1.4670162,-1.8029537,-2.1467037,-2.4435787,-1.6076412
3.4782963,3.7439213,3.7986088,3.7048588,3.2517338,2.8845463,2.5720463,2.5642338,2.4626713,2.2986088,1.5251713,0.8142338,0.25173378,0.03298378,-0.09201622,-0.11545372,0.07204628,0.21267128,0.22829628,0.9392338,1.5798588,1.5798588,1.1111088,0.5251713,0.03298378,0.17360878,0.5407963,0.8064213,0.9079838,0.9626713,1.0798588,0.8454838,0.42360878,0.04079628,-0.20920372,-0.36545372,-0.5060787,-0.6701412,-0.8185787,-0.7170162,-0.46701622,-0.10764122,0.07204628,0.11892128,0.04860878,-0.07639122,-0.24826622,-0.45139122,-0.5373287,-0.5685787,-0.5451412,-0.6701412,-0.9123287,-1.3107662,-2.1076412,-2.6935787,-2.6857662,-1.8967037
2.7595463,2.7751713,2.9704838,3.3845463,3.2282963,2.6736088,1.5329838,0.7907963,0.43923378,0.6032963,0.16579628,-0.25607872,-0.49826622,-0.45920372,-0.31076622,-0.05295372,-0.32639122,-0.6857662,-0.7951412,0.06423378,0.9314213,0.7986088,0.18923378,-0.49826622,-0.7717037,-0.28732872,0.5407963,1.1267338,1.4079838,1.4470463,1.0954838,0.6423588,0.16579628,0.02517128,0.03298378,0.15017128,0.23610878,0.33767128,0.44704628,0.44704628,0.47048378,0.48610878,0.48610878,0.41579628,0.27517128,0.10329628,-0.06857872,-0.24045372,-0.34982872,-0.39670372,-0.34201622,-0.42014122,-0.6076412,-0.9670162,-1.8810787,-2.7170162,-2.9670162,-2.2951412
3.1970463,3.1501713,3.1189213,3.1111088,1.9470463,0.6345463,-0.6232662,-0.5451412,-0.09201622,0.6032963,0.6189213,0.5407963,0.6189213,0.7282963,0.8454838,0.9314213,0.07204628,-0.8810787,-0.9670162,-0.33420372,0.36892128,0.04860878,-0.48264122,-1.0060787,-0.9826412,-0.5060787,0.21267128,0.8532963,1.2048588,1.3220463,0.8376713,0.40017128,0.00954628,-0.13107872,-0.15451622,-0.04514122,0.07985878,0.30642128,0.6657963,0.9157963,1.0251713,0.9157963,0.7517338,0.6111088,0.47048378,0.29079628,0.11892128,-0.01389122,-0.13107872,-0.22482872,-0.27951622,-0.40451622,-0.5842037,-0.8263912,-1.5060787,-2.3029537,-3.0217037,-2.6467037
1.5407963,1.1892338,0.8142338,0.49392128,-0.09982872,-0.5685787,-0.7013912,0.09548378,1.1423588,2.1657963,2.3689213,2.3142338,2.2986088,2.1501713,1.7986088,1.0407963,0.05642128,-0.8263912,-0.7873287,-0.44357872,-0.02951622,-0.49045372,-0.7873287,-0.9357662,-0.6388912,-0.33420372,-0.06857872,0.20485878,0.45485878,0.7204838,0.6345463,0.47829628,0.22048378,-0.10764122,-0.33420372,-0.39670372,-0.22482872,-0.06076622,0.02517128,0.16579628,0.34548378,0.5876713,0.6970463,0.7048588,0.5095463,0.29079628,0.10329628,-0.01389122,-0.12326622,-0.22482872,-0.38107872,-0.5607662,-0.7482662,-0.9201412,-1.2951412,-1.8342037,-2.9123287,-2.8967037
-0.42014122,-0.45920372,-0.5373287,-0.7248287,-0.7482662,-0.6154537,-0.19357872,0.35329628,0.9861088,1.8845463,2.3532963,2.5798588,2.5017338,1.8845463,0.9157963,-0.20139122,-0.7873287,-0.9748287,-1.0295162,-0.8342037,-0.49045372,-0.7013912,-0.7951412,-0.8107662,-0.24826622,0.05642128,0.09548378,-0.19357872,-0.31076622,-0.17795372,0.04860878,0.18142128,0.18142128,0.08767128,0.04860878,0.09548378,0.12673378,0.05642128,-0.17014122,-0.26389122,-0.22482872,0.07985878,0.34548378,0.5173588,0.36892128,0.23610878,0.11892128,0.05642128,-0.03732872,-0.16232872,-0.40451622,-0.6232662,-0.8342037,-1.0685787,-1.3420162,-1.6623287,-2.8107662,-3.0451412
-1.0998287,-0.6388912,-0.21701622,-0.27170372,-0.23264122,-0.06076622,0.5486088,1.1657963,1.7204838,1.8376713,1.7517338,1.5251713,1.1032963,0.29860878,-0.7092037,-1.0998287,-1.1545162,-0.9513912,-0.9748287,-0.9357662,-0.8420162,-0.8263912,-0.9045162,-1.0842037,-0.49826622,-0.06076622,0.15798378,-0.21701622,-0.5295162,-0.6545162,-0.45139122,-0.20139122,0.07204628,0.30642128,0.48610878,0.5876713,0.5095463,0.38454628,0.25954628,0.19704628,0.19704628,0.32985878,0.45485878,0.5564213,0.5407963,0.5173588,0.49392128,0.38454628,0.21267128,-0.02170372,-0.27951622,-0.5763912,-0.9357662,-1.5451412,-1.9513912,-2.1076412,-2.8888912,-3.1545162
-0.8967037,-0.16232872,0.6423588,0.9548588,1.2595463,1.5564213,1.7048588,1.7829838,1.7361088,1.1189213,0.6032963,0.18923378,-0.06857872,-0.35764122,-0.6388912,-0.49045372,-0.34982872,-0.27170372,-0.29514122,-0.27951622,-0.19357872,-0.17014122,-0.15451622,-0.13889122,-0.10764122,-0.02170372,0.13454628,0.17360878,0.18142128,0.18923378,0.22829628,0.30642128,0.48610878,0.6267338,0.7126713,0.6970463,0.6736088,0.6892338,0.8532963,0.9392338,0.9704838,0.8454838,0.7595463,0.7048588,0.8064213,0.8923588,0.9470463,0.8689213,0.7204838,0.5095463,0.22829628,-0.18576622,-0.7638912,-1.9592037,-2.7248287,-2.8498287,-3.1467037,-3.2560787
-0.8888912,-0.01389122,1.1423588,1.7048588,2.0486088,2.1736088,1.6579838,1.0564213,0.39235878,-0.27951622,-0.6701412,-0.8185787,-0.7013912,-0.47482872,-0.12326622,0.04079628,0.15798378,0.22048378,0.18142128,0.15798378,0.15798378,0.17360878,0.22829628,0.39235878,0.6892338,0.9704838,1.0876713,1.1736088,1.2126713,1.1736088,1.0798588,0.9861088,1.0251713,1.0173588,0.9782963,0.8611088,0.8689213,0.9704838,1.2126713,1.3142338,1.2986088,1.0720463,0.9548588,0.9470463,1.1345463,1.2439213,1.2595463,1.1970463,1.1189213,1.0329838,0.7517338,0.29079628,-0.39670372,-1.6310787,-2.6467037,-3.0451412,-3.2795162,-3.3576412
-1.2795162,-0.38107872,0.9392338,0.9236088,0.6345463,0.15798378,-0.15451622,-0.5217037,-0.9201412,-1.1623287,-1.2638912,-1.2248287,-1.0685787,-0.7873287,-0.34201622,-0.22482872,-0.11545372,0.04860878,0.05642128,-0.02170372,-0.23264122,-0.48264122,-0.6545162,-0.5685787,0.04860878,0.8298588,1.5486088,1.8767338,1.9548588,1.6111088,1.3532963,1.2048588,1.2907963,1.2907963,1.2361088,1.1501713,1.1345463,1.1970463,1.3064213,1.3142338,1.2282963,1.1032963,1.0954838,1.2126713,1.3845463,1.5017338,1.5251713,1.4861088,1.3923588,1.2126713,0.8532963,0.40017128,-0.14670372,-1.0138912,-1.8967037,-2.6701412,-3.1545162,-3.4045162
-1.9279537,-1.6935787,-1.0842037,-1.1154537,-1.1779537,-1.2638912,-1.1857662,-1.1076412,-1.0217037,-1.0373287,-1.0842037,-1.1779537,-1.2013912,-1.1310787,-0.8967037,-0.7560787,-0.6154537,-0.45920372,-0.38107872,-0.35764122,-0.47482872,-0.6388912,-0.7717037,-0.7404537,-0.26389122,0.43142128,1.1970463,1.7673588,2.1892338,2.2126713,2.1736088,2.0798588,1.9236088,1.7361088,1.5251713,1.4236088,1.3845463,1.3845463,1.3532963,1.3142338,1.2751713,1.2595463,1.3142338,1.5017338,1.5407963,1.5720463,1.6657963,1.6501713,1.5329838,1.2048588,0.7595463,0.31423378,0.0017337799,-0.41232872,-0.9123287,-1.7482662,-2.5998287,-3.3576412
-1.3654537,-1.3498287,-1.2560787,-1.0763912,-0.7951412,-0.42014122,-0.5138912,-0.6545162,-0.8029537,-0.9201412,-1.0138912,-1.0607662,-1.1232662,-1.1310787,-1.0060787,-0.8029537,-0.6232662,-0.5998287,-0.5998287,-0.6076412,-0.5920162,-0.5685787,-0.5373287,-0.6232662,-0.30295372,0.24392128,0.7439213,1.0720463,1.2595463,1.4626713,1.6345463,1.7751713,1.6345463,1.6189213,1.7829838,1.9001713,1.8845463,1.6657963,1.4861088,1.3689213,1.3142338,1.3376713,1.4470463,1.6892338,1.5486088,1.3767338,1.4157963,1.4626713,1.4470463,1.1736088,0.7986088,0.38454628,0.01735878,-0.29514122,-0.6154537,-1.2013912,-2.0763912,-3.1076412
-1.0451412,-1.0060787,-1.0060787,-1.0529537,-0.9982662,-0.7717037,-0.6154537,-0.5373287,-0.6076412,-0.8576412,-1.0607662,-1.0685787,-1.0920162,-1.0451412,-0.7951412,-0.46701622,-0.19357872,-0.29514122,-0.5138912,-0.7560787,-0.8107662,-0.6623287,-0.39670372,-0.46701622,-0.33420372,-0.05295372,0.41579628,0.6657963,0.7048588,0.8064213,0.9548588,1.1736088,1.1970463,1.2673588,1.4079838,1.5329838,1.5954838,1.5798588,1.4939213,1.3767338,1.1970463,1.1814213,1.2517338,1.4079838,1.1657963,0.8376713,0.7595463,0.9079838,1.1267338,1.0407963,0.8689213,0.6579838,0.30642128,0.03298378,-0.19357872,-0.7404537,-1.6154537,-2.7951412
-0.8107662,-0.7404537,-0.7795162,-0.8732662,-0.9201412,-0.8420162,-0.6779537,-0.5685787,-0.6388912,-0.7873287,-0.9357662,-0.9982662,-0.9513912,-0.8576412,-0.6857662,-0.45139122,-0.24045372,-0.27951622,-0.5295162,-0.8967037,-1.0529537,-0.8810787,-0.44357872,-0.21701622,-0.02170372,0.10329628,0.5720463,0.8767338,0.9782963,1.0329838,1.1111088,1.2439213,1.2282963,1.1736088,1.0798588,1.0720463,1.1267338,1.3220463,1.4782963,1.5564213,1.4079838,1.2439213,1.0329838,0.6657963,0.31423378,0.04079628,0.15017128,0.40798378,0.7282963,0.6892338,0.6736088,0.6970463,0.6189213,0.5017338,0.32985878,-0.31076622,-1.1935787,-2.3810787
-0.8888912,-0.7013912,-0.5607662,-0.6232662,-0.7170162,-0.7795162,-0.7795162,-0.7404537,-0.6232662,-0.6310787,-0.7092037,-0.8967037,-0.9748287,-0.9748287,-0.7951412,-0.7404537,-0.7638912,-0.7326412,-0.8185787,-1.0138912,-1.1467037,-1.0763912,-0.8185787,-0.26389122,0.19704628,0.5564213,0.9001713,1.1814213,1.3532963,1.4392338,1.4861088,1.4782963,1.3454838,1.1579838,0.9157963,0.8611088,0.9236088,1.1501713,1.2829838,1.3454838,1.1892338,1.0486088,0.9079838,0.6579838,0.49392128,0.40798378,0.27517128,0.25954628,0.33767128,0.28298378,0.27517128,0.29079628,0.37673378,0.38454628,0.30642128,-0.16232872,-0.8576412,-1.8810787
-1.0607662,-0.8732662,-0.6779537,-0.6857662,-0.7404537,-0.7248287,-0.7560787,-0.7795162,-0.6779537,-0.6467037,-0.6545162,-0.7013912,-0.7638912,-0.8342037,-0.7951412,-0.7873287,-0.7873287,-0.7795162,-0.8185787,-0.8888912,-1.1076412,-1.2795162,-1.3732662,-1.0685787,-0.5998287,0.07985878,0.5486088,0.9001713,1.0954838,1.2126713,1.2907963,1.2829838,1.2048588,1.0642338,0.7907963,0.6579838,0.6032963,0.7048588,0.7751713,0.8142338,0.7673588,0.7673588,0.8142338,0.9001713,0.9782963,1.0407963,0.6892338,0.43142128,0.30642128,0.25173378,0.16579628,0.00954628,-0.09201622,-0.16232872,-0.16232872,-0.27951622,-0.5685787,-1.3263912
-0.9826412,-0.8888912,-0.7326412,-0.7013912,-0.7092037,-0.6388912,-0.6310787,-0.6545162,-0.6701412,-0.6388912,-0.5685787,-0.5529537,-0.5685787,-0.6232662,-0.6545162,-0.6623287,-0.6310787,-0.6076412,-0.6310787,-0.7092037,-0.8576412,-0.9592037,-0.9826412,-1.0217037,-0.9513912,-0.6545162,-0.28732872,0.06423378,0.33767128,0.5251713,0.6423588,0.6657963,0.6579838,0.6189213,0.42360878,0.25173378,0.09548378,0.10329628,0.15017128,0.23610878,0.45485878,0.6736088,0.8767338,0.9861088,0.9861088,0.8376713,0.6892338,0.5173588,0.29860878,0.15798378,-0.00607872,-0.23264122,-0.44357872,-0.5998287,-0.6623287,-0.41232872,-0.20920372,-0.7248287
-0.6232662,-0.6154537,-0.47482872,-0.42014122,-0.41232872,-0.40451622,-0.45920372,-0.5451412,-0.6310787,-0.6388912,-0.5763912,-0.5607662,-0.5685787,-0.5998287,-0.5998287,-0.5607662,-0.46701622,-0.45139122,-0.5060787,-0.6779537,-0.7951412,-0.8888912,-0.9592037,-0.9982662,-0.9904537,-0.9279537,-0.7873287,-0.5529537,-0.13107872,0.11892128,0.23610878,0.10329628,0.01735878,-0.03732872,-0.00607872,-0.03732872,-0.10764122,-0.15451622,-0.17795372,-0.16232872,0.08767128,0.32204628,0.5095463,0.5564213,0.5407963,0.47048378,0.5564213,0.6345463,0.6032963,0.5095463,0.40017128,0.28298378,0.04860878,-0.27951622,-0.7951412,-0.6310787,-0.13889122,-0.09201622
-0.31076622,-0.34982872,-0.22482872,-0.12326622,-0.06076622,-0.13889122,-0.26389122,-0.42014122,-0.5138912,-0.5842037,-0.6310787,-0.6310787,-0.6545162,-0.7248287,-0.7638912,-0.7482662,-0.6232662,-0.5763912,-0.6076412,-0.7638912,-0.8967037,-1.0685787,-1.3654537,-1.6232662,-1.8185787,-1.7873287,-1.5529537,-1.1701412,-0.6232662,-0.20920372,0.09548378,0.15798378,0.15798378,0.10329628,0.15798378,0.18923378,0.18142128,0.04860878,-0.09201622,-0.25607872,-0.24826622,-0.18576622,-0.04514122,0.07204628,0.15798378,0.18923378,0.30642128,0.45485878,0.6501713,0.7595463,0.8064213,0.7439213,0.5564213,0.31423378,0.30642128,0.5329838,0.8767338,0.6501713
-0.40451622,-0.38889122,-0.25607872,-0.14670372,-0.07639122,-0.10764122,-0.18576622,-0.31076622,-0.39670372,-0.49045372,-0.6232662,-0.6701412,-0.7326412,-0.8029537,-0.8420162,-0.8342037,-0.7717037,-0.7404537,-0.7326412,-0.7638912,-0.8498287,-0.9904537,-1.2638912,-1.4670162,-1.5998287,-1.4826412,-1.2404537,-0.9045162,-0.5295162,-0.18576622,0.12673378,0.5095463,0.7673588,0.8532963,0.7361088,0.5798588,0.36110878,0.23610878,0.10329628,-0.06857872,-0.27951622,-0.42014122,-0.34982872,-0.17014122,0.00954628,0.04860878,0.07204628,0.10329628,0.31423378,0.5251713,0.7361088,0.7829838,0.7829838,0.7673588,1.1579838,1.3923588,1.4079838,1.2439213
-0.5998287,-0.5998287,-0.48264122,-0.42795372,-0.42795372,-0.37326622,-0.37326622,-0.45920372,-0.47482872,-0.5138912,-0.5920162,-0.6935787,-0.7717037,-0.7873287,-0.7873287,-0.7873287,-0.8342037,-0.8654537,-0.8888912,-0.8810787,-0.9513912,-1.0607662,-1.1935787,-1.3342037,-1.4670162,-1.5138912,-1.4279537,-1.2248287,-0.8888912,-0.5842037,-0.32639122,-0.01389122,0.29860878,0.6111088,0.7829838,0.8220463,0.5564213,0.40798378,0.28298378,0.14235878,-0.09201622,-0.31857872,-0.41232872,-0.35764122,-0.24045372,-0.16232872,-0.15451622,-0.17795372,-0.07639122,0.05642128,0.20485878,0.30642128,0.40017128,0.47829628,0.7282963,0.7907963,0.5876713,0.6111088
