wind-global.json
{"header": { "discipline":0, "disciplineName":"Meteorological products", "gribEdition":2, "gribLength":51317, "center":7, "centerName":"US National Weather Service - NCEP(WMC)", "subcenter":0, "refTime":"2021-06-22T00:00:00.000Z", "significanceOfRT":1, "significanceOfRTName":"Start of forecast", "productStatus":0, "productStatusName":"Operational products", "productType":2, "productTypeName":"Analysis and Forecast products", "productDefinitionTemplate":0, "productDefinitionTemplateName":"Analysis/forecast at horizontal level/layer at a point in time", "parameterCategory":2, "parameterCategoryName":"Momentum", "parameterNumber":3, "parameterNumberName":"V-component_of_wind", "parameterUnit":"m.s-1", "genProcessType":0, "genProcessTypeName":"Analysis", "forecastTime":18, "surface1Type":103, "surface1TypeName":"Specified height level above ground", "surface1Value":10.0, "surface2Type":255, "surface2TypeName":"Missing", "surface2Value":-9.999E-252, "gridDefinitionTemplate":0, "gridDefinitionTemplateName":"Latitude_Longitude", "numberPoints":37191, "shape":0, "shapeName":"Earth spherical with radius = 6,367,470 m", "gridUnits":"degrees", "resolution":48, "winds":"true", "scanMode":64, "nx":231, "ny":161, "basicAngle":0, "lo1":358.75003, "la1":39.25, "lo2":4.5, "la2":43.25, "dx":0.025, "dy":0.025 }, "data":
[rows 125 to 149 of 161, columns 116 to 173 of 231]
1.6549568,1.5455818,1.4283943,1.3893318,1.3893318,1.1471443,0.9049568,0.6862068,0.7565193,0.8737068,1.0533943,1.2408943,1.4127693,1.5455818,1.4362068,1.3737068,1.3502693,1.1862068,0.7643318,0.029956818,-0.09504318,0.029956818,0.45183182,-0.40754318,-1.1653557,-1.7356682,-1.6575432,-1.7356682,-2.0872307,-1.8606682,-1.5637932,-1.2747307,-1.3450432,-1.4075432,-1.3762932,-1.2044182,-1.0247307,-0.8372307,-0.9231682,-1.1184807,-1.4622307,-1.5559807,-1.4856682,-1.0872307,-0.7903557,-0.6262932,-0.7747307,-0.7434807,-0.6731682,-0.7044182,-0.9231682,-1.1497307,-1.1419182,-1.0091057,-0.8216057,-0.6262932,-0.32160568,0.045581818
1.4518318,1.2799568,1.4049568,1.6549568,1.9830818,1.8502693,1.5299568,1.0455818,0.7877693,0.7174568,0.8268318,1.0299568,1.1705818,1.2330818,1.2330818,1.3033943,1.4830818,1.6783943,1.5612068,0.9987068,0.7408943,0.7487068,1.1158943,0.29558182,-0.6028557,-1.3841057,-1.6341057,-1.8528557,-2.1106682,-1.6497307,-1.0559807,-0.5012932,-0.5716057,-0.8294182,-1.2200432,-1.3294182,-1.2278557,-0.8059807,-0.5012932,-0.39973068,-0.7591057,-1.1028557,-1.2825432,-1.0012932,-0.7981682,-0.7044182,-0.8137932,-0.7122307,-0.5481682,-0.5716057,-0.7044182,-0.8450432,-0.7591057,-0.5794182,-0.34504318,-0.10285568,0.21745682,0.5455818
1.2955818,1.1080818,1.3658943,1.6627693,1.9987068,1.8658943,1.6080818,1.2018318,0.8737068,0.6705818,0.6158943,0.6471443,0.6393318,0.5768318,0.5221443,0.5768318,0.8112068,1.3971443,1.7955818,1.7721443,1.4362068,1.0924568,0.8033943,0.09245682,-0.5872307,-1.0403557,-1.3372307,-1.5872307,-1.7825432,-1.6731682,-1.4622307,-1.1419182,-1.0559807,-1.0872307,-1.3059807,-1.3059807,-1.1731682,-0.8997307,-0.7044182,-0.5950432,-0.6731682,-0.6653557,-0.5872307,-0.40754318,-0.43879318,-0.5716057,-0.6497307,-0.5794182,-0.45441818,-0.43879318,-0.44660568,-0.46223068,-0.39191818,-0.24348068,-0.040355682,0.20964432,0.42058182,0.5690193
1.1705818,0.8893318,1.0377693,1.2877693,1.6627693,1.7955818,1.7174568,1.3502693,0.6940193,0.12370682,-0.20441818,-0.16535568,-0.06379318,0.029956818,-0.016918182,-0.040355682,0.029956818,0.45183182,0.7955818,0.8346443,0.5143318,0.07683182,-0.43879318,-0.7981682,-1.0794182,-1.3528557,-1.5637932,-1.6262932,-1.1809807,-0.7981682,-0.5169182,-0.6106682,-0.9075432,-1.3137932,-1.7044182,-1.6497307,-1.3294182,-0.8528557,-0.6341057,-0.5950432,-0.7122307,-0.6106682,-0.36066818,-0.11848068,-0.016918182,-0.016918182,-0.055980682,-0.08723068,-0.11848068,0.053394318,0.15495682,0.16276932,0.10026932,0.06901932,0.061206818,0.07683182,0.08464432,0.10808182
1.6549568,0.9362068,0.6940193,0.8502693,1.5924568,1.5690193,1.1158943,0.09245682,-0.6028557,-1.0169182,-1.0012932,-0.5637932,-0.06379318,0.30339432,0.045581818,-0.39973068,-0.8841057,-1.0247307,-1.1184807,-1.4075432,-1.6341057,-1.7903557,-1.7122307,-1.5637932,-1.4778557,-1.7825432,-1.9309807,-1.8606682,-0.9856682,-0.22004318,0.42839432,0.5065193,-0.032543182,-1.0169182,-1.9700432,-2.0247307,-1.3997307,-0.8841057,-0.6341057,-0.6028557,-0.35285568,-0.08723068,0.18620682,0.24870682,0.33464432,0.47526932,0.44401932,0.40495682,0.35026932,0.6158943,0.7096443,0.6002693,0.49870682,0.44401932,0.44401932,0.27995682,0.12370682,0.014331818
2.1940193,1.4596443,1.1549568,0.9752693,0.8190193,0.17058182,-0.35285568,-0.23566818,-0.25910568,-0.36066818,-0.6262932,-0.38410568,0.053394318,0.6080818,0.29558182,-0.40754318,-1.2512932,-1.5637932,-1.6809807,-2.0481682,-2.2981682,-2.4075432,-2.0169182,-1.6419182,-1.3606682,-1.7044182,-1.8919182,-1.8919182,-1.1106682,-0.37629318,0.28776932,0.5924568,0.12370682,-0.9778557,-1.6966057,-1.5716057,-0.6809807,-0.5091057,-0.40754318,-0.36066818,-0.024730682,0.18620682,0.19401932,0.40495682,0.7643318,1.3346443,1.3190193,1.1237068,0.7643318,0.5533943,0.38933182,0.29558182,0.44401932,0.6627693,0.9362068,0.7877693,0.5221443,0.18620682
2.2877693,1.8737068,1.6080818,1.1549568,0.08464432,-0.5403557,-0.6966057,0.045581818,0.28776932,0.27214432,-0.032543182,-0.07160568,0.045581818,0.45964432,0.08464432,-0.6419182,-1.1184807,-1.1262932,-0.9466057,-1.3606682,-1.7356682,-2.0325432,-1.6731682,-1.2434807,-0.7981682,-1.1731682,-1.4231682,-1.5559807,-1.1341057,-0.8528557,-0.7122307,-0.48566818,-0.5794182,-0.9622307,-0.8450432,-0.49348068,0.014331818,-0.14191818,-0.23566818,-0.14191818,0.16276932,0.40495682,0.49870682,0.7487068,1.1002693,1.6237068,1.7487068,1.7174568,1.4987068,1.1783943,0.8971443,0.6862068,0.6393318,0.6705818,0.8580818,0.7408943,0.47526932,0.045581818
2.0299568,1.9127693,1.7330818,1.2799568,-0.07941818,-0.6966057,-0.8294182,-0.18879318,0.28776932,0.6237068,0.48308182,0.24089432,-0.048168182,-0.024730682,-0.39191818,-0.9466057,-1.0325432,-0.8372307,-0.47785568,-0.8606682,-1.2825432,-1.7278557,-1.1341057,-0.5247307,0.10808182,-0.29035568,-0.6341057,-0.9075432,-1.0325432,-1.2669182,-1.6341057,-1.4934807,-1.2044182,-0.7512932,-0.055980682,0.39714432,0.38151932,-0.032543182,-0.31379318,-0.18879318,0.08464432,0.31120682,0.38933182,0.6783943,1.0768318,1.5768318,1.6237068,1.6237068,2.0221443,2.3033943,2.4127693,1.9283943,1.3424568,0.8033943,0.6471443,0.38933182,0.037769318,-0.37629318
1.6471443,1.7408943,1.8190193,1.6862068,0.48308182,-0.39973068,-0.9622307,-0.43098068,0.20964432,0.8502693,0.8190193,0.5690193,0.16276932,-0.25910568,-0.6966057,-1.1028557,-0.9544182,-0.7512932,-0.5091057,-0.5950432,-0.7200432,-0.8919182,-0.5403557,-0.11066818,0.39714432,0.0065193176,-0.40754318,-0.7434807,-0.9934807,-1.2669182,-1.6262932,-1.5012932,-1.1966057,-0.6262932,0.14714432,0.6627693,0.5455818,0.10808182,-0.25910568,-0.27473068,-0.048168182,0.20964432,0.24870682,0.32683182,0.5143318,1.1862068,1.6627693,2.0924568,2.6158943,3.0846443,3.3893318,2.7877693,2.3190193,1.9362068,1.3658943,0.6002693,-0.25910568,-0.5794182
1.1627693,1.3815193,1.6940193,1.9127693,0.9518318,-0.040355682,-0.9309807,-0.35285568,0.29558182,0.9596443,0.8658943,0.6471443,0.31120682,-0.32941818,-0.8372307,-1.1887932,-0.9544182,-0.7434807,-0.5637932,-0.18098068,0.11589432,0.27214432,0.11589432,0.029956818,0.13933182,0.20964432,0.33464432,0.5221443,0.5143318,0.25651932,-0.45441818,-0.8216057,-0.8919182,-0.44660568,0.17058182,0.6862068,0.7799568,0.6315193,0.38933182,0.07683182,0.08464432,0.17839432,0.12370682,0.13151932,0.32683182,1.2487068,1.7877693,2.0455818,2.2408943,2.6862068,3.3033943,3.2018318,3.0377693,2.7877693,2.1549568,1.3190193,0.28776932,-0.22004318
0.6705818,0.5533943,0.6315193,0.8190193,0.37370682,-0.21223068,-0.8997307,-0.32160568,0.27995682,0.9127693,0.7252693,0.49870682,0.24870682,-0.14191818,-0.5091057,-0.8841057,-0.8216057,-0.7044182,-0.5403557,-0.016918182,0.5299568,1.0455818,0.6549568,0.18620682,-0.048168182,0.42839432,1.0533943,1.5065193,1.5690193,1.4283943,1.0377693,0.7565193,0.5690193,0.6002693,0.7487068,0.9596443,1.2408943,1.4127693,1.4518318,1.0299568,0.6705818,0.32683182,0.17058182,0.28776932,0.6471443,1.5065193,1.8971443,1.9127693,1.9049568,2.1783943,2.7018318,2.7643318,2.7330818,2.6158943,2.1158943,1.4440193,0.5768318,0.07683182
-0.47785568,-0.36848068,-0.11848068,0.20964432,0.17058182,-0.18098068,-0.8372307,-0.36848068,0.18620682,0.8033943,0.6627693,0.49870682,0.38151932,0.37370682,0.18620682,-0.36848068,-0.6419182,-0.7278557,-0.5169182,0.037769318,0.6549568,1.2408943,0.9362068,0.49870682,0.38151932,0.8971443,1.5299568,1.8424568,1.8737068,1.7877693,1.6627693,1.6080818,1.6080818,1.6549568,1.7252693,1.8268318,1.9752693,2.1237068,2.2408943,2.0533943,1.6393318,1.0690193,0.8893318,0.9518318,1.2174568,1.7096443,1.9752693,1.9987068,2.1237068,2.3815193,2.7799568,2.7799568,2.7330818,2.6940193,2.4205818,1.9362068,1.1002693,0.46745682
-0.6497307,-0.048168182,0.40495682,0.6549568,0.35026932,0.045581818,-0.18098068,0.13151932,0.48308182,0.8346443,0.8424568,0.8424568,0.9283943,0.9440193,0.6862068,-0.14973068,-0.6106682,-0.7669182,-0.42316818,0.11589432,0.6862068,1.1862068,1.0924568,0.8502693,0.9205818,1.3971443,2.0221443,2.3580818,2.4596443,2.4049568,2.2643318,2.1783943,2.1315193,2.0846443,2.1393318,2.2799568,2.5377693,2.6862068,2.7252693,2.7174568,2.6549568,2.5533943,2.3190193,2.1158943,1.9362068,1.9987068,2.0924568,2.2252693,2.4908943,2.7330818,2.8971443,2.9674568,3.0533943,3.1705818,2.9362068,2.4362068,1.5299568,0.7799568
-0.5091057,-0.07160568,0.33464432,0.6549568,0.6471443,0.6158943,0.5924568,0.6783943,0.8268318,1.0768318,1.1549568,1.2174568,1.3580818,1.1705818,0.7174568,-0.22785568,-0.5637932,-0.5794182,-0.20441818,0.26433182,0.7487068,1.1783943,1.2330818,1.1237068,1.2877693,1.6783943,2.1862068,2.4596443,2.5768318,2.6002693,2.5846443,2.5299568,2.4362068,2.1705818,2.1002693,2.2487068,2.6080818,2.8893318,3.0690193,3.1627693,3.2877693,3.5143318,3.3190193,2.9283943,2.2955818,2.1237068,2.1783943,2.5299568,2.8033943,2.9830818,2.9518318,3.1471443,3.3502693,3.3893318,2.9752693,2.3190193,1.4830818,0.8502693
-0.11848068,0.13933182,0.45183182,0.8424568,1.0846443,1.2018318,1.1080818,1.1627693,1.3190193,1.6158943,1.5221443,1.3033943,1.1080818,0.8737068,0.5846443,0.13151932,-0.048168182,-0.055980682,0.17839432,0.5612068,1.0221443,1.3580818,1.4440193,1.3658943,1.5299568,1.8033943,2.1471443,2.3268318,2.4596443,2.5533943,2.6471443,2.6627693,2.6002693,2.4049568,2.3033943,2.3112068,2.5690193,2.8424568,3.1080818,3.2799568,3.4752693,3.7252693,3.6393318,3.2955818,2.5065193,2.2252693,2.2565193,2.8580818,3.3658943,3.7565193,3.7799568,3.7721443,3.7018318,3.4518318,2.8424568,2.0221443,1.2487068,0.8268318
0.10808182,0.47526932,0.8346443,1.1862068,1.3190193,1.3268318,1.1940193,1.1862068,1.2408943,1.3112068,1.2799568,1.2174568,1.1393318,0.9987068,0.8658943,0.8893318,0.9674568,1.0455818,0.9283943,1.0768318,1.4205818,1.7252693,1.7799568,1.6002693,1.7096443,1.9283943,2.2721443,2.4596443,2.5690193,2.5768318,2.6315193,2.6862068,2.7799568,2.7955818,2.7721443,2.6783943,2.7408943,2.8893318,3.1549568,3.3737068,3.5533943,3.6627693,3.6158943,3.4127693,2.8346443,2.4283943,2.2487068,2.8502693,3.4283943,3.9127693,4.0221443,4.029957,3.9596443,3.8190193,3.2330818,2.3112068,1.3268318,0.8971443
0.18620682,0.7330818,1.1783943,1.3580818,1.3502693,1.2643318,1.1471443,0.9283943,0.6783943,0.6158943,0.7643318,1.0299568,1.1080818,1.1158943,1.0924568,1.2877693,1.5533943,1.8737068,1.8268318,1.8815193,2.0065193,2.0377693,1.8658943,1.4518318,1.6471443,2.0065193,2.5299568,2.7408943,2.8033943,2.6549568,2.5377693,2.5299568,2.7565193,2.9205818,2.9908943,2.8580818,2.8424568,2.9127693,3.1471443,3.3502693,3.4908943,3.4283943,3.3190193,3.1940193,3.1237068,2.9830818,2.8190193,2.8268318,2.8971443,3.0377693,3.3658943,3.6080818,3.7643318,3.9830818,3.8190193,3.2643318,2.0533943,1.3190193
0.21745682,0.8190193,1.3033943,1.3502693,1.2565193,1.0924568,0.9127693,0.7096443,0.5377693,0.6237068,0.8737068,1.2174568,1.3346443,1.3580818,1.3033943,1.3737068,1.5612068,1.8658943,1.8971443,1.9205818,1.9362068,1.9987068,1.9127693,1.5924568,1.6783943,1.9440193,2.4440193,2.7330818,2.8502693,2.6783943,2.4362068,2.2877693,2.4283943,2.5768318,2.7018318,2.7330818,2.7721443,2.8424568,3.0143318,3.2408943,3.4752693,3.4362068,3.3346443,3.1940193,3.2330818,3.2877693,3.3737068,3.2799568,3.2252693,3.2018318,3.4987068,3.8346443,4.2096443,4.8658943,5.217457,5.123707,3.7174568,2.4205818
0.07683182,0.6002693,1.1627693,1.2408943,1.1783943,1.0377693,1.0221443,1.0690193,1.1471443,1.1862068,1.3190193,1.5533943,1.7096443,1.7330818,1.6002693,1.6471443,1.8190193,2.1393318,2.2799568,2.3268318,2.2487068,2.0065193,1.7408943,1.5299568,1.7565193,2.1080818,2.4908943,2.6393318,2.6862068,2.6393318,2.6158943,2.5612068,2.3971443,2.3737068,2.4518318,2.6705818,2.7096443,2.6393318,2.6783943,2.8580818,3.1315193,3.2643318,3.2877693,3.2174568,3.1783943,3.1705818,3.1940193,3.1315193,3.1471443,3.2955818,3.6940193,4.139332,4.623707,5.1315193,5.498707,5.623707,4.6315193,3.3580818
-0.41535568,0.022144318,0.7799568,1.0768318,1.2643318,1.3737068,1.6783943,1.8971443,2.0612068,1.8268318,1.6940193,1.6705818,1.8424568,1.9205818,1.8502693,1.8658943,1.9987068,2.3033943,2.4362068,2.4518318,2.2721443,2.0455818,1.9049568,1.9674568,2.1783943,2.3893318,2.4518318,2.5221443,2.6393318,2.8815193,3.0143318,3.0768318,3.0768318,3.1002693,3.1158943,2.9127693,2.6549568,2.3658943,2.3033943,2.3815193,2.5924568,2.8815193,3.0768318,3.1705818,3.2018318,3.2018318,3.1627693,3.1315193,3.2096443,3.4674568,3.8971443,4.326832,4.6940193,4.951832,5.123707,5.217457,4.686207,3.8502693
-0.5403557,-0.40754318,0.34245682,1.1315193,1.6783943,1.9752693,2.1393318,2.3112068,2.4908943,2.1705818,1.8346443,1.5065193,1.6393318,1.8033943,1.9127693,1.9674568,2.0768318,2.3502693,2.5143318,2.6080818,2.5221443,2.4049568,2.3190193,2.3580818,2.4205818,2.4596443,2.3580818,2.3815193,2.5221443,2.9283943,3.2018318,3.3580818,3.2799568,3.1940193,3.0846443,2.8190193,2.5455818,2.2877693,2.2643318,2.3268318,2.4830818,2.7799568,3.0533943,3.2408943,3.3268318,3.3658943,3.4049568,3.4830818,3.6002693,3.7252693,3.9908943,4.2408943,4.3815193,4.264332,4.108082,4.279957,4.342457,4.248707
0.6783943,0.26433182,0.29558182,1.1783943,1.8502693,2.2252693,2.2487068,2.2799568,2.3580818,2.0846443,1.7643318,1.4518318,1.5612068,1.7565193,1.9283943,2.0455818,2.1940193,2.4674568,2.6627693,2.7955818,2.8112068,2.7877693,2.7565193,2.7018318,2.6471443,2.5924568,2.5299568,2.5612068,2.6627693,2.9908943,3.3033943,3.6080818,3.4127693,3.1080818,2.6783943,2.4908943,2.3737068,2.3580818,2.3737068,2.4518318,2.6080818,2.9596443,3.2721443,3.4283943,3.4049568,3.3737068,3.4283943,3.5768318,3.7330818,3.8190193,3.9205818,4.014332,3.9987068,3.7721443,3.4596443,3.3658943,3.7096443,4.358082
2.3580818,2.1471443,1.9283943,2.1471443,2.4283943,2.7955818,2.6393318,2.4127693,2.2174568,2.1080818,2.0455818,2.0455818,2.1080818,2.1627693,2.1627693,2.2408943,2.3971443,2.6783943,2.8424568,2.9362068,2.9674568,3.0221443,3.0846443,3.1002693,3.0455818,2.9205818,2.8502693,2.8190193,2.8502693,2.9283943,3.0143318,3.1080818,2.8502693,2.5221443,2.1393318,2.1783943,2.3424568,2.6315193,2.7643318,2.8737068,3.0065193,3.1315193,3.2643318,3.4127693,3.4440193,3.3893318,3.2330818,3.2643318,3.4127693,3.7174568,3.9283943,4.076832,4.0065193,3.8033943,3.4987068,3.4908943,3.9205818,4.733082
2.7018318,2.4596443,2.2408943,2.4283943,2.6627693,2.8346443,2.6705818,2.3893318,2.0143318,1.9908943,2.1002693,2.2565193,2.3033943,2.3268318,2.4440193,2.5846443,2.7330818,2.8268318,2.9362068,3.0377693,3.0846443,3.1783943,3.3190193,3.3737068,3.2721443,3.0143318,2.9205818,2.8893318,2.8971443,2.8971443,2.8815193,2.8346443,2.5065193,2.1627693,1.8658943,2.0846443,2.4596443,2.8971443,3.0924568,3.2018318,3.2565193,3.3346443,3.4362068,3.6080818,3.6237068,3.5533943,3.3815193,3.3815193,3.4830818,3.8112068,4.1471443,4.4908943,4.4283943,4.2252693,3.8502693,3.8268318,4.092457,4.7721443
2.6862068,2.5768318,2.5612068,2.5924568,2.6237068,2.6627693,2.5846443,2.4362068,2.1315193,2.0924568,2.2018318,2.5221443,2.6627693,2.6862068,2.6080818,2.6393318,2.7565193,2.9362068,3.0377693,3.0690193,3.1237068,3.2487068,3.4362068,3.3502693,3.1783943,2.9049568,2.9127693,2.9518318,3.0065193,3.0065193,2.9674568,2.8815193,2.5846443,2.2643318,2.0065193,2.1705818,2.4987068,2.9596443,3.2408943,3.4127693,3.4674568,3.5143318,3.5612068,3.7096443,3.9049568,4.154957,4.2408943,4.2096443,4.061207,4.186207,4.3971443,4.686207,4.733082,4.5846443,4.1783943,3.9830818,4.1002693,4.733082
