wind-global.json
{"header": { "discipline":0, "disciplineName":"Meteorological products", "gribEdition":2, "gribLength":51317, "center":7, "centerName":"METEOCAT.", "subcenter":0, "refTime":"2021-06-25T00:00:00.000Z", "significanceOfRT":1, "significanceOfRTName":"Start of forecast", "productStatus":0, "productStatusName":"Operational products", "productType":2, "productTypeName":"Analysis and Forecast products", "productDefinitionTemplate":0, "productDefinitionTemplateName":"Analysis/forecast at horizontal level/layer at a point in time", "parameterCategory":2, "parameterCategoryName":"Momentum", "parameterNumber":2, "parameterNumberName":"U-component_of_wind", "parameterUnit":"m.s-1", "genProcessType":0, "genProcessTypeName":"Analysis", "forecastTime":32, "surface1Type":103, "surface1TypeName":"Specified height level above ground", "surface1Value":10.0, "surface2Type":255, "surface2TypeName":"Missing", "surface2Value":-9.999E-252, "gridDefinitionTemplate":0, "gridDefinitionTemplateName":"Latitude_Longitude", "numberPoints":37191, "shape":0, "shapeName":"Earth spherical with radius = 6,367,470 m", "gridUnits":"degrees", "resolution":48, "winds":"true", "scanMode":64, "nx":231, "ny":161, "basicAngle":0, "lo1":358.75003, "la1":39.25, "lo2":4.5, "la2":43.25, "dx":0.025, "dy":0.025 }, "data":
[rows 104 to 129 of 161, columns 0 to 59 of 231]
-0.7660475,-0.726985,-0.695735,-0.8754225,-1.27386,-1.8754225,-2.39886,-2.6879225,-2.77386,-2.883235,-3.0160475,-3.14886,-2.96136,-2.6722975,-2.2972975,-2.101985,-1.86761,-1.6097975,-1.2816725,-1.21136,-1.36761,-2.0004225,-2.601985,-3.164485,-3.49261,-3.6722975,-3.726985,-3.601985,-3.539485,-3.508235,-3.30511,-2.976985,-2.5785475,-2.601985,-2.6722975,-2.74261,-2.58636,-2.52386,-2.52386,-2.601985,-2.6722975,-2.74261,-2.77386,-2.7347975,-2.664485,-2.6410475,-2.68011,-2.77386,-2.9222975,-3.1097975,-3.2660475,-3.14886,-2.89886,-2.58636,-2.43011,-2.4222975,-2.5629225,-2.96136,-3.226985,-3.36761
-0.6722975,-0.61761,-0.570735,-0.789485,-1.2035475,-1.77386,-2.2660475,-2.5472975,-2.64886,-2.820735,-2.976985,-3.101985,-2.8285475,-2.5160475,-2.1879225,-2.2347975,-2.2660475,-2.2816725,-2.101985,-1.9535475,-1.83636,-2.2191725,-2.74261,-3.36761,-3.633235,-3.7035475,-3.633235,-3.7347975,-3.8285475,-3.883235,-3.383235,-2.86761,-2.383235,-2.4535475,-2.55511,-2.664485,-2.570735,-2.5004225,-2.445735,-2.58636,-2.758235,-2.9379225,-2.9379225,-2.80511,-2.5941725,-2.539485,-2.71136,-3.039485,-3.39886,-3.570735,-3.5785475,-3.18011,-2.695735,-2.21136,-2.164485,-2.320735,-2.601985,-2.80511,-2.914485,-2.96136
-0.58636,-0.5160475,-0.45354748,-0.6879225,-1.0785475,-1.61761,-1.99261,-2.2504225,-2.414485,-2.7504225,-2.96136,-3.05511,-2.89886,-2.7191725,-2.5316725,-2.5004225,-2.52386,-2.570735,-2.3910475,-2.1566725,-1.89886,-2.258235,-2.83636,-3.570735,-3.80511,-3.945735,-4.0316725,-4.258235,-4.14886,-3.7504225,-3.1097975,-2.7191725,-2.5472975,-2.5941725,-2.64886,-2.695735,-2.695735,-2.71136,-2.74261,-2.80511,-2.8285475,-2.820735,-2.86761,-2.820735,-2.71136,-2.601985,-2.758235,-3.11761,-3.5629225,-3.74261,-3.695735,-3.1879225,-2.7191725,-2.320735,-2.3754225,-2.5316725,-2.7347975,-2.7660475,-2.7347975,-2.6722975
-0.508235,-0.43010998,-0.38323498,-0.5941725,-0.976985,-1.508235,-1.8597975,-2.1254225,-2.3285475,-2.83636,-3.226985,-3.5160475,-3.539485,-3.3910475,-3.070735,-2.6722975,-2.445735,-2.383235,-2.289485,-2.133235,-1.9379225,-2.3910475,-3.0629225,-3.9066725,-4.320735,-4.633235,-4.851985,-4.77386,-4.30511,-3.5160475,-2.945735,-2.7035475,-2.7504225,-2.820735,-2.8441725,-2.83636,-2.83636,-2.8910475,-2.99261,-3.164485,-3.226985,-3.18011,-3.0472975,-2.945735,-2.883235,-2.914485,-3.0629225,-3.2972975,-3.58636,-3.68011,-3.5785475,-3.039485,-2.601985,-2.289485,-2.4222975,-2.5472975,-2.64886,-2.5160475,-2.39886,-2.30511
-0.45354748,-0.39104748,-0.38323498,-0.55511,-0.883235,-1.3441725,-1.7660475,-2.08636,-2.30511,-2.8754225,-3.508235,-4.21136,-4.30511,-3.99261,-3.289485,-2.61761,-2.24261,-2.164485,-2.226985,-2.226985,-2.18011,-2.6097975,-3.18011,-3.8754225,-4.3597975,-4.7347975,-5.0004225,-4.6879225,-4.1097975,-3.30511,-2.883235,-2.71136,-2.7504225,-2.8441725,-2.914485,-2.976985,-2.96136,-3.039485,-3.2035475,-3.52386,-3.6879225,-3.6879225,-3.36761,-3.133235,-2.99261,-3.1254225,-3.289485,-3.476985,-3.5785475,-3.539485,-3.3754225,-2.9691725,-2.68011,-2.49261,-2.539485,-2.52386,-2.4379225,-2.14886,-1.9535475,-1.86761
-0.46135998,-0.41448498,-0.46917248,-0.58636,-0.8597975,-1.289485,-1.80511,-2.1566725,-2.351985,-2.7347975,-3.320735,-4.1097975,-4.4066725,-4.195735,-3.49261,-2.7972975,-2.39886,-2.30511,-2.30511,-2.3441725,-2.4379225,-2.758235,-3.08636,-3.414485,-3.6566725,-3.89886,-4.133235,-3.9535475,-3.6097975,-3.133235,-2.96136,-2.8441725,-2.7660475,-2.789485,-2.89886,-3.101985,-3.1566725,-3.2972975,-3.5160475,-3.80511,-3.9379225,-3.914485,-3.601985,-3.3597975,-3.1879225,-3.289485,-3.414485,-3.5629225,-3.55511,-3.43011,-3.18011,-2.86761,-2.633235,-2.4691725,-2.383235,-2.2504225,-2.0785475,-1.7972975,-1.6566725,-1.64886
-0.5316725,-0.508235,-0.633235,-0.7035475,-0.93011,-1.30511,-1.80511,-2.11761,-2.226985,-2.5316725,-3.0160475,-3.664485,-4.1254225,-4.1722975,-3.8129225,-3.2035475,-2.758235,-2.476985,-2.3285475,-2.3441725,-2.5316725,-2.99261,-3.414485,-3.789485,-3.820735,-3.726985,-3.5160475,-3.3910475,-3.3597975,-3.4222975,-3.49261,-3.3754225,-3.0472975,-2.914485,-2.9691725,-3.24261,-3.4379225,-3.6410475,-3.83636,-3.9691725,-3.99261,-3.9066725,-3.726985,-3.5785475,-3.4535475,-3.445735,-3.49261,-3.5785475,-3.5160475,-3.3129225,-2.96136,-2.664485,-2.4691725,-2.383235,-2.27386,-2.101985,-1.86761,-1.601985,-1.4691725,-1.508235
-0.695735,-0.6879225,-0.820735,-0.914485,-1.1097975,-1.39886,-1.7347975,-2.0004225,-2.1879225,-2.52386,-2.9222975,-3.383235,-3.83636,-3.976985,-3.80511,-3.39886,-3.101985,-2.9379225,-2.5785475,-2.4222975,-2.49261,-3.2972975,-3.8285475,-4.039485,-3.7191725,-3.5316725,-3.49261,-3.6879225,-3.8597975,-4.0004225,-3.89886,-3.601985,-3.1097975,-2.945735,-3.008235,-3.30511,-3.633235,-3.883235,-4.05511,-4.05511,-4.0160475,-3.9379225,-3.8285475,-3.6879225,-3.5160475,-3.445735,-3.445735,-3.5160475,-3.39886,-3.1410475,-2.7347975,-2.5004225,-2.383235,-2.39886,-2.30511,-2.11761,-1.8441725,-1.52386,-1.3129225,-1.24261
-0.9535475,-0.9691725,-1.1410475,-1.14886,-1.2347975,-1.383235,-1.7972975,-2.133235,-2.3910475,-2.6722975,-3.008235,-3.4066725,-3.8129225,-4.008235,-3.976985,-3.71136,-3.4847975,-3.2972975,-3.0316725,-2.914485,-2.976985,-3.5472975,-3.9379225,-4.11761,-3.8441725,-3.68011,-3.6566725,-3.914485,-4.1254225,-4.2816725,-4.02386,-3.7035475,-3.3129225,-3.226985,-3.2660475,-3.4379225,-3.7191725,-3.976985,-4.1879225,-4.1722975,-4.11761,-4.039485,-3.883235,-3.6722975,-3.4066725,-3.2972975,-3.2660475,-3.3285475,-3.2035475,-2.99261,-2.68011,-2.5316725,-2.4222975,-2.3597975,-2.2035475,-2.008235,-1.789485,-1.445735,-1.1097975,-0.8129225
-1.2504225,-1.2660475,-1.36761,-1.289485,-1.39886,-1.71136,-2.383235,-2.8129225,-2.9847975,-3.1566725,-3.4066725,-3.7504225,-3.9691725,-4.070735,-4.02386,-3.883235,-3.71136,-3.508235,-3.2816725,-3.21136,-3.30511,-3.68011,-3.914485,-3.9691725,-3.851985,-3.8285475,-3.93011,-4.164485,-4.3285475,-4.3754225,-4.0629225,-3.74261,-3.445735,-3.39886,-3.43011,-3.55511,-3.8129225,-4.0472975,-4.24261,-4.2347975,-4.1722975,-4.05511,-3.851985,-3.601985,-3.320735,-3.1879225,-3.1254225,-3.14886,-3.101985,-3.008235,-2.8441725,-2.6254225,-2.4066725,-2.1722975,-2.0160475,-1.8754225,-1.7191725,-1.320735,-0.8441725,-0.31292248
-1.5785475,-1.6097975,-1.695735,-1.5941725,-1.77386,-2.258235,-2.9379225,-3.2660475,-3.195735,-3.2347975,-3.3441725,-3.52386,-3.7191725,-3.89886,-4.0629225,-4.008235,-3.8441725,-3.5629225,-3.2816725,-3.1722975,-3.2816725,-3.5316725,-3.6722975,-3.664485,-3.71136,-3.83636,-4.0316725,-4.1566725,-4.1722975,-4.0472975,-3.758235,-3.5160475,-3.36761,-3.289485,-3.24261,-3.24261,-3.46136,-3.6722975,-3.820735,-3.7504225,-3.6097975,-3.4222975,-3.24261,-3.05511,-2.86761,-2.7191725,-2.6254225,-2.6097975,-2.61761,-2.55511,-2.383235,-2.1097975,-1.8910475,-1.789485,-1.7504225,-1.6722975,-1.5004225,-1.11761,-0.58636,0.14020252
-1.9691725,-2.0160475,-2.1097975,-2.2035475,-2.476985,-2.9379225,-3.258235,-3.383235,-3.30511,-3.33636,-3.3910475,-3.4691725,-3.726985,-3.9691725,-4.18011,-4.133235,-3.96136,-3.64886,-3.3597975,-3.2191725,-3.258235,-3.5472975,-3.80511,-4.0004225,-4.0160475,-4.0472975,-4.133235,-4.1566725,-4.0785475,-3.8441725,-3.633235,-3.49261,-3.4691725,-3.3910475,-3.33636,-3.30511,-3.4847975,-3.64886,-3.7504225,-3.6566725,-3.508235,-3.320735,-3.14886,-2.976985,-2.789485,-2.6097975,-2.5004225,-2.5160475,-2.58636,-2.570735,-2.3754225,-2.1410475,-1.9691725,-1.9379225,-1.8441725,-1.695735,-1.4847975,-1.0941725,-0.5316725,0.26520252
-2.3597975,-2.445735,-2.601985,-2.851985,-3.0785475,-3.27386,-3.2816725,-3.3285475,-3.4379225,-3.55511,-3.6097975,-3.5941725,-3.7816725,-3.99261,-4.226985,-4.2347975,-4.101985,-3.8129225,-3.5160475,-3.30511,-3.21136,-3.4066725,-3.61761,-3.83636,-3.8754225,-3.9222975,-3.9847975,-3.96136,-3.8910475,-3.77386,-3.7035475,-3.664485,-3.633235,-3.5472975,-3.49261,-3.5004225,-3.6254225,-3.7191725,-3.71136,-3.5941725,-3.508235,-3.5004225,-3.39886,-3.21136,-2.8597975,-2.61761,-2.508235,-2.6410475,-2.77386,-2.7504225,-2.414485,-1.9847975,-1.6722975,-1.6566725,-1.8441725,-1.976985,-1.8910475,-1.39886,-0.9066725,-0.6722975
-2.68011,-2.8129225,-3.0160475,-3.2191725,-3.2816725,-3.2035475,-3.1722975,-3.2816725,-3.55511,-3.68011,-3.695735,-3.5941725,-3.6566725,-3.7972975,-4.0316725,-4.1722975,-4.14886,-3.9066725,-3.49261,-3.164485,-2.976985,-3.101985,-3.2816725,-3.4847975,-3.64886,-3.7660475,-3.80511,-3.7504225,-3.726985,-3.7660475,-3.8285475,-3.83636,-3.7347975,-3.5785475,-3.5004225,-3.570735,-3.74261,-3.86761,-3.851985,-3.80511,-3.80511,-3.8910475,-3.7191725,-3.4222975,-2.976985,-2.7504225,-2.664485,-2.789485,-2.8441725,-2.7816725,-2.508235,-2.05511,-1.6879225,-1.6097975,-1.9535475,-2.27386,-2.21136,-1.7972975,-1.3597975,-1.133235
-2.93011,-3.0472975,-3.195735,-3.27386,-3.2660475,-3.14886,-3.2035475,-3.3441725,-3.5941725,-3.6254225,-3.6254225,-3.5941725,-3.6254225,-3.695735,-3.80511,-4.08636,-4.1722975,-3.9691725,-3.3597975,-2.883235,-2.664485,-2.8754225,-3.1722975,-3.5316725,-3.7660475,-3.86761,-3.7972975,-3.6879225,-3.6566725,-3.74261,-3.883235,-3.9379225,-3.8129225,-3.5629225,-3.39886,-3.445735,-3.7504225,-4.05511,-4.2504225,-4.2816725,-4.2191725,-4.039485,-3.61761,-3.164485,-2.7972975,-2.7191725,-2.7191725,-2.726985,-2.6566725,-2.570735,-2.5160475,-2.195735,-1.86761,-1.7035475,-1.883235,-2.101985,-2.14886,-1.7660475,-1.195735,-0.46135998
-3.1097975,-3.1879225,-3.2504225,-3.258235,-3.258235,-3.2504225,-3.3441725,-3.4222975,-3.4847975,-3.58636,-3.7035475,-3.8597975,-3.8597975,-3.914485,-4.0629225,-4.39886,-4.4535475,-4.05511,-3.3441725,-2.7972975,-2.570735,-2.7504225,-3.070735,-3.539485,-3.8285475,-3.9535475,-3.8441725,-3.7347975,-3.68011,-3.7347975,-3.883235,-3.9535475,-3.8441725,-3.539485,-3.3285475,-3.383235,-3.7660475,-4.18011,-4.508235,-4.46136,-4.226985,-3.74261,-3.2660475,-2.9222975,-2.8754225,-2.80511,-2.6410475,-2.226985,-2.0472975,-2.05511,-2.4066725,-2.258235,-1.9379225,-1.601985,-1.7035475,-1.9535475,-2.1879225,-1.74261,-0.945735,0.16364002
-3.0941725,-3.11761,-3.1097975,-3.164485,-3.226985,-3.2972975,-3.351985,-3.39886,-3.445735,-3.68011,-3.93011,-4.195735,-4.2191725,-4.2972975,-4.4847975,-4.39886,-4.0472975,-3.320735,-2.8910475,-2.64886,-2.6722975,-2.7972975,-3.0472975,-3.49261,-3.80511,-3.976985,-3.9379225,-3.8754225,-3.8597975,-3.945735,-3.976985,-3.93011,-3.7347975,-3.476985,-3.320735,-3.4222975,-3.71136,-3.96136,-4.0160475,-3.7972975,-3.476985,-3.1097975,-2.9691725,-3.008235,-3.3129225,-3.070735,-2.5316725,-1.633235,-1.414485,-1.5785475,-2.1722975,-2.0941725,-1.74261,-1.3597975,-1.4379225,-1.695735,-1.8910475,-1.414485,-0.601985,0.45270252
-3.0941725,-3.1410475,-3.133235,-3.2347975,-3.33636,-3.4379225,-3.476985,-3.5004225,-3.52386,-3.71136,-3.9379225,-4.195735,-4.320735,-4.383235,-4.3754225,-4.02386,-3.55511,-2.976985,-2.64886,-2.4222975,-2.320735,-2.52386,-2.86761,-3.3597975,-3.5941725,-3.664485,-3.5160475,-3.52386,-3.6879225,-4.101985,-4.24261,-4.1722975,-3.7816725,-3.4222975,-3.11761,-2.9066725,-2.883235,-2.851985,-2.64886,-2.43011,-2.2660475,-2.3129225,-2.52386,-2.820735,-3.2504225,-3.008235,-2.414485,-1.49261,-1.3597975,-1.5785475,-1.9379225,-1.789485,-1.46136,-1.2347975,-1.18011,-1.1722975,-1.0785475,-0.64886,-0.047297478,0.6245775
-3.08636,-3.1566725,-3.21136,-3.289485,-3.320735,-3.30511,-3.3597975,-3.4691725,-3.6254225,-3.80511,-3.976985,-4.1254225,-3.914485,-3.6254225,-3.3129225,-3.1722975,-3.05511,-2.93011,-2.71136,-2.5004225,-2.33636,-2.5629225,-2.9066725,-3.3285475,-3.33636,-3.24261,-3.11761,-3.1254225,-3.1879225,-3.2972975,-3.21136,-3.0472975,-2.8129225,-2.5629225,-2.289485,-1.96136,-1.9222975,-1.8910475,-1.601985,-1.2035475,-1.008235,-1.6097975,-2.258235,-2.83636,-3.0941725,-2.7816725,-2.2191725,-1.5941725,-1.5941725,-1.8441725,-1.9535475,-1.726985,-1.3754225,-1.2660475,-1.0472975,-0.758235,-0.41448498,-0.008234978,0.41364002,0.5777025
-3.0160475,-3.0941725,-3.1410475,-3.2191725,-3.30511,-3.39886,-3.5316725,-3.7035475,-3.9222975,-4.08636,-4.0629225,-3.7347975,-3.14886,-2.7191725,-2.61761,-2.89886,-3.1410475,-3.195735,-2.7972975,-2.36761,-2.0316725,-2.3597975,-2.8129225,-3.226985,-2.9066725,-2.4379225,-2.008235,-1.9066725,-1.9222975,-2.02386,-2.2035475,-2.3597975,-2.4222975,-2.24261,-1.93011,-1.4535475,-1.3910475,-1.46136,-1.49261,-1.5004225,-1.7035475,-2.695735,-3.5785475,-4.164485,-3.695735,-2.8597975,-1.96136,-1.58636,-1.7191725,-2.039485,-1.9847975,-1.64886,-1.21136,-1.1879225,-1.0004225,-0.71136,-0.39104748,0.054265022,0.49957752,0.27301502
-2.883235,-2.99261,-3.11761,-3.27386,-3.43011,-3.58636,-3.71136,-3.8285475,-3.93011,-4.0629225,-4.0629225,-3.83636,-3.4379225,-3.1410475,-3.039485,-2.96136,-2.8597975,-2.7191725,-2.3910475,-2.0316725,-1.64886,-1.7347975,-1.96136,-2.2504225,-2.101985,-1.820735,-1.5160475,-1.4066725,-1.39886,-1.5160475,-1.7660475,-2.039485,-2.289485,-2.2660475,-2.1254225,-1.8754225,-1.9222975,-2.070735,-2.21136,-2.414485,-2.7504225,-3.49261,-3.99261,-4.2035475,-3.664485,-2.976985,-2.2816725,-1.976985,-2.0629225,-2.320735,-2.24261,-1.7972975,-1.1879225,-1.0785475,-0.945735,-0.7972975,-0.570735,0.023015022,0.804265,0.679265
-2.64886,-2.8285475,-3.05511,-3.3597975,-3.6097975,-3.77386,-3.80511,-3.851985,-3.976985,-4.0785475,-4.070735,-3.86761,-3.5785475,-3.30511,-3.101985,-2.7347975,-2.383235,-2.1254225,-1.945735,-1.7504225,-1.476985,-1.3910475,-1.4066725,-1.5629225,-1.61761,-1.64886,-1.664485,-1.6722975,-1.68011,-1.71136,-1.789485,-1.883235,-2.0160475,-2.1879225,-2.4066725,-2.7035475,-2.9847975,-3.1879225,-3.1410475,-3.1097975,-3.1254225,-3.4066725,-3.5941725,-3.6879225,-3.52386,-3.195735,-2.77386,-2.3910475,-2.258235,-2.2504225,-2.133235,-1.7347975,-1.18011,-0.976985,-0.86761,-0.83636,-0.77386,-0.36760998,0.30426502,0.7339525
-2.3129225,-2.52386,-2.7816725,-3.18011,-3.5004225,-3.6879225,-3.7191725,-3.789485,-3.945735,-3.89886,-3.74261,-3.46136,-3.226985,-2.9847975,-2.71136,-2.33636,-1.99261,-1.758235,-1.7035475,-1.6097975,-1.33636,-1.133235,-1.0629225,-1.2972975,-1.5629225,-1.8285475,-2.05511,-2.2191725,-2.3129225,-2.27386,-2.24261,-2.24261,-2.3754225,-2.6722975,-3.0785475,-3.61761,-4.02386,-4.2972975,-4.1722975,-3.9379225,-3.6722975,-3.5629225,-3.43011,-3.2972975,-3.14886,-2.976985,-2.789485,-2.4222975,-2.1722975,-2.008235,-1.914485,-1.5472975,-0.99261,-0.7347975,-0.601985,-0.5785475,-0.35198498,0.015202522,0.48395252,0.44489002
-1.93011,-2.1097975,-2.3129225,-2.71136,-3.0472975,-3.27386,-3.351985,-3.414485,-3.4535475,-3.27386,-3.0785475,-2.93011,-2.851985,-2.726985,-2.476985,-2.14886,-1.83636,-1.601985,-1.5004225,-1.3597975,-1.039485,-0.945735,-1.0629225,-1.5472975,-1.89886,-2.18011,-2.4222975,-2.68011,-2.8910475,-2.914485,-2.86761,-2.80511,-2.820735,-2.9535475,-3.1722975,-3.61761,-4.039485,-4.383235,-4.2816725,-3.99261,-3.5941725,-3.289485,-3.039485,-2.820735,-2.695735,-2.5629225,-2.414485,-2.133235,-1.9222975,-1.77386,-1.7347975,-1.4691725,-1.0160475,-0.664485,-0.43010998,-0.28948498,0.0073900223,0.14801502,0.11676502,-0.19573498
-1.5941725,-1.7347975,-1.86761,-2.18011,-2.4847975,-2.726985,-2.7347975,-2.7191725,-2.726985,-2.77386,-2.80511,-2.80511,-2.7816725,-2.726985,-2.6097975,-2.27386,-1.883235,-1.52386,-1.258235,-1.039485,-0.8597975,-1.101985,-1.52386,-2.101985,-2.3754225,-2.539485,-2.7347975,-2.99261,-3.226985,-3.30511,-3.21136,-3.0160475,-2.74261,-2.58636,-2.5629225,-2.9222975,-3.33636,-3.71136,-3.6566725,-3.4379225,-3.1254225,-2.8441725,-2.6410475,-2.508235,-2.4847975,-2.3597975,-2.1566725,-1.96136,-1.7816725,-1.61761,-1.5472975,-1.3910475,-1.1566725,-0.7504225,-0.39104748,-0.07073498,0.23395252,0.27301502,-4.2247772E-4,-0.570735
-1.320735,-1.4066725,-1.49261,-1.58636,-1.726985,-1.9222975,-2.1722975,-2.4222975,-2.664485,-2.9066725,-3.08636,-3.1566725,-3.27386,-3.2972975,-3.1254225,-2.5004225,-1.8441725,-1.351985,-1.195735,-1.1566725,-1.1722975,-1.414485,-1.758235,-2.18011,-2.4691725,-2.695735,-2.8597975,-3.0160475,-3.1566725,-3.1879225,-3.039485,-2.789485,-2.4691725,-2.258235,-2.1566725,-2.43011,-2.80511,-3.2191725,-3.3910475,-3.3910475,-3.2504225,-2.8597975,-2.61761,-2.508235,-2.539485,-2.36761,-2.02386,-1.80511,-1.5785475,-1.3441725,-1.195735,-1.164485,-1.27386,-0.976985,-0.539485,0.06989002,0.60114,0.773015,0.47614002,-0.34417248
