wind-global.json
{"header": { "discipline":0, "disciplineName":"Meteorological products", "gribEdition":2, "gribLength":51317, "center":7, "centerName":"US National Weather Service - NCEP(WMC)", "subcenter":0, "refTime":"2021-06-24T00:00:00.000Z", "significanceOfRT":1, "significanceOfRTName":"Start of forecast", "productStatus":0, "productStatusName":"Operational products", "productType":2, "productTypeName":"Analysis and Forecast products", "productDefinitionTemplate":0, "productDefinitionTemplateName":"Analysis/forecast at horizontal level/layer at a point in time", "parameterCategory":2, "parameterCategoryName":"Momentum", "parameterNumber":2, "parameterNumberName":"U-component_of_wind", "parameterUnit":"m.s-1", "genProcessType":0, "genProcessTypeName":"Analysis", "forecastTime":56, "surface1Type":103, "surface1TypeName":"Specified height level above ground", "surface1Value":10.0, "surface2Type":255, "surface2TypeName":"Missing", "surface2Value":-9.999E-252, "gridDefinitionTemplate":0, "gridDefinitionTemplateName":"Latitude_Longitude", "numberPoints":37191, "shape":0, "shapeName":"Earth spherical with radius = 6,367,470 m", "gridUnits":"degrees", "resolution":48, "winds":"true", "scanMode":64, "nx":231, "ny":161, "basicAngle":0, "lo1":358.75003, "la1":39.25, "lo2":4.5, "la2":43.25, "dx":0.025, "dy":0.025 }, "data":
[rows 130 to 155 of 161, columns 118 to 176 of 231]
3.71871,3.640585,3.59371,2.5546474,1.1015224,-0.61722755,-0.92972755,-0.61722755,0.17964745,0.43745995,0.52339745,0.67964745,1.1015224,1.6171474,2.0546474,2.4296474,2.84371,3.56246,4.2890224,4.81246,4.15621,2.8202724,1.18746,0.24214745,-0.38285255,-0.72660255,-0.45316505,-0.070352554,0.39839745,1.1640224,1.4140224,1.203085,-0.117227554,-0.81254005,-0.84379005,-0.88285255,-1.03129,-1.3047276,-1.2266026,-1.09379,-0.93754005,-1.1172276,-1.25004,-1.28129,-1.046915,-0.86722755,-0.81254005,-0.85160255,-0.89066505,-0.90629005,-0.82035255,-0.78910255,-0.86722755,-1.37504,-1.84379,-2.03129,-1.8984776,-1.7109776,-1.6641026
3.68746,3.703085,3.0077724,1.28121,-0.49222755,-1.31254,-0.76566505,0.27339745,1.234335,1.4921474,1.46871,1.6015224,1.8983974,2.234335,2.2577724,2.18746,2.1327724,2.7577724,3.43746,3.9608974,2.7108974,1.09371,-0.65629005,-1.109415,-1.3203526,-1.328165,-0.75004005,-0.19535255,0.33589745,1.078085,1.3046474,0.96870995,-0.26566505,-0.94535255,-0.95316505,-1.0234776,-1.140665,-1.2891026,-1.1641026,-1.0547276,-1.0234776,-1.2109776,-1.37504,-1.4609776,-1.4453526,-1.4453526,-1.5234776,-1.5703526,-1.5703526,-1.5234776,-1.50004,-1.5234776,-1.65629,-1.8984776,-2.1484776,-2.2422276,-2.1641026,-2.0391026,-2.046915
3.1640224,3.40621,2.6640224,1.265585,-0.12504005,-0.41410255,0.070272446,0.91402245,1.8202724,2.203085,2.28121,2.12496,2.109335,2.1796474,2.2265224,2.203085,2.18746,2.8515224,3.2265224,3.2733974,1.4608974,0.015584946,-1.0859776,-1.1797276,-1.2891026,-1.4766026,-1.078165,-0.58597755,0.070272446,0.42964745,0.51558495,0.26558495,-0.15629005,-0.46879005,-0.66410255,-0.96097755,-1.18754,-1.203165,-1.1953526,-1.203165,-1.21879,-1.31254,-1.37504,-1.31254,-1.21879,-1.171915,-1.31254,-1.34379,-1.34379,-1.421915,-1.5391026,-1.671915,-1.75004,-1.96879,-2.2422276,-2.484415,-2.546915,-2.515665,-2.53129
2.765585,3.31246,2.9921474,2.203085,1.24996,0.96870995,1.1327724,1.5702724,2.09371,2.2890224,2.24996,2.1015224,2.0546474,2.0858974,2.0077724,1.9296474,1.859335,2.43746,2.74996,2.7890224,1.7421474,0.99995995,0.69527245,0.83589745,0.48433495,-0.51566505,-1.1797276,-1.3828526,-0.92972755,-0.74222755,-0.61722755,-0.51566505,-0.30472755,-0.23441505,-0.52347755,-0.92191505,-1.2422276,-1.31254,-1.43754,-1.546915,-1.5703526,-1.4453526,-1.28129,-1.2578526,-1.3828526,-1.5703526,-1.6172276,-1.6484776,-1.6953526,-1.859415,-1.9297276,-1.93754,-2.0703526,-2.2734776,-2.5234776,-2.6641026,-2.78129,-2.8828526,-2.9766026
2.484335,3.3827724,3.43746,2.9296474,2.0702724,1.7421474,1.8515224,2.296835,2.4296474,2.3671474,2.1171474,2.1483974,2.1640224,2.140585,1.90621,1.62496,1.28121,1.390585,1.7265224,2.40621,2.40621,2.18746,1.640585,1.015585,0.24214745,-0.71879005,-1.265665,-1.53129,-1.390665,-1.37504,-1.359415,-1.2734776,-1.1172276,-1.015665,-1.1016026,-1.2891026,-1.4766026,-1.609415,-1.75004,-1.8516026,-1.7891026,-1.5547276,-1.2891026,-1.34379,-1.4922276,-1.6641026,-1.62504,-1.640665,-1.6953526,-1.8516026,-1.8984776,-1.8516026,-1.765665,-1.859415,-2.1484776,-2.5547276,-2.890665,-3.1328526,-3.296915
2.328085,3.109335,3.34371,3.0233974,2.234335,1.8827724,2.0077724,2.609335,2.59371,2.40621,2.0390224,2.1483974,2.2108974,2.171835,1.7265224,1.15621,0.48433495,0.48433495,0.97652245,2.203085,2.6327724,2.49996,1.46871,0.43745995,-0.46879005,-1.015665,-1.171915,-1.171915,-1.12504,-1.31254,-1.6172276,-2.03129,-2.1484776,-2.12504,-1.953165,-1.859415,-1.8047276,-1.8047276,-1.8203526,-1.828165,-1.703165,-1.56254,-1.4297276,-1.5234776,-1.6016026,-1.6641026,-1.640665,-1.703165,-1.84379,-2.00004,-2.0078526,-1.859415,-1.6016026,-1.56254,-1.8359776,-2.4297276,-2.953165,-3.2891026,-3.4609776
2.2733974,2.74996,3.1952724,3.0702724,2.328085,1.78121,1.671835,2.1015224,2.140585,2.046835,1.796835,2.015585,2.2421474,2.37496,1.7421474,0.89839745,-0.085977554,-0.101602554,0.42183495,1.6640224,2.015585,1.765585,0.52339745,-0.37504005,-0.95316505,-0.90629005,-0.71097755,-0.50785255,-0.55472755,-0.82035255,-1.1953526,-1.5859776,-1.8672276,-2.0703526,-2.0703526,-2.0078526,-1.90629,-1.75004,-1.6016026,-1.453165,-1.4453526,-1.50004,-1.62504,-1.7266026,-1.765665,-1.734415,-1.65629,-1.6953526,-1.87504,-2.0391026,-2.09379,-1.984415,-1.828165,-1.796915,-1.984415,-2.5078526,-3.015665,-3.390665,-3.56254
1.921835,2.265585,2.6640224,2.5390224,1.671835,0.92964745,0.64058495,1.0390224,1.3983974,1.68746,1.796835,2.2265224,2.609335,2.734335,1.8358974,0.68745995,-0.38285255,-0.39066505,0.109334946,1.09371,1.3202724,1.0390224,-0.039102554,-0.66410255,-0.95316505,-0.70316505,-0.45316505,-0.25785255,-0.50004005,-0.79691505,-1.109415,-1.25004,-1.43754,-1.671915,-1.8047276,-1.87504,-1.8828526,-1.7109776,-1.484415,-1.21879,-1.31254,-1.50004,-1.765665,-1.859415,-1.87504,-1.796915,-1.609415,-1.515665,-1.640665,-1.8516026,-2.0234776,-2.06254,-2.1016026,-2.1641026,-2.296915,-2.6641026,-3.0859776,-3.4297276,-3.5703526
2.1015224,2.2265224,1.703085,0.91402245,-0.117227554,-0.62504005,-0.71097755,-0.14847755,0.83589745,1.734335,2.2421474,2.7577724,3.046835,2.609335,1.31246,-0.078165054,-0.64847755,-0.41410255,0.14839745,0.56245995,0.57027245,0.32027245,-0.30472755,-0.67191505,-0.86722755,-0.68754005,-0.62504005,-0.69535255,-1.00004,-1.2109776,-1.3203526,-1.15629,-1.1328526,-1.2734776,-1.5391026,-1.671915,-1.6328526,-1.62504,-1.6328526,-1.65629,-1.703165,-1.765665,-1.8672276,-1.8984776,-1.890665,-1.81254,-1.6016026,-1.4453526,-1.484415,-1.6797276,-1.87504,-1.953165,-2.0703526,-2.2109776,-2.3828526,-2.7109776,-3.1016026,-3.3984776,-3.5078526
1.015585,0.64058495,-0.007852554,-0.57816505,-0.82035255,-0.87504005,-0.75004005,-0.34379005,0.46870995,1.3358974,2.0233974,2.59371,2.8046474,1.7890224,0.40620995,-0.86722755,-0.66410255,-0.25785255,0.117147446,-0.21097755,-0.35160255,-0.33597755,-0.57816505,-0.82816505,-1.06254,-0.93754005,-0.95316505,-1.1016026,-1.2891026,-1.3984776,-1.421915,-1.28129,-1.25004,-1.390665,-1.515665,-1.5547276,-1.484415,-1.5703526,-1.6484776,-1.6328526,-1.65629,-1.7266026,-1.8672276,-1.9141026,-1.8984776,-1.796915,-1.7109776,-1.6641026,-1.734415,-1.7891026,-1.8203526,-1.7578526,-1.81254,-1.9453526,-2.234415,-2.6328526,-3.0859776,-3.359415,-3.43754
-0.28910255,-0.50785255,-0.62504005,-0.61722755,-0.38285255,-0.054727554,0.29683495,0.58589745,1.06246,1.5858974,2.09371,2.2421474,2.0390224,0.91402245,-0.093790054,-0.87504005,-0.48441505,-0.46879005,-0.71879005,-0.93754005,-0.75785255,-0.25004005,-0.71879005,-1.140665,-1.515665,-1.3828526,-1.3047276,-1.3203526,-1.40629,-1.4922276,-1.578165,-1.5234776,-1.4609776,-1.40629,-1.4609776,-1.53129,-1.578165,-1.50004,-1.3984776,-1.390665,-1.56254,-1.81254,-2.0078526,-2.0547276,-2.0234776,-1.93754,-1.90629,-1.9141026,-1.96879,-1.953165,-1.87504,-1.671915,-1.59379,-1.640665,-2.0391026,-2.50004,-3.015665,-3.2891026,-3.37504
-0.67191505,-0.67191505,-0.15629005,0.53120995,1.0233974,1.37496,1.56246,1.359335,1.265585,1.234335,1.24996,0.93745995,0.39839745,-0.21097755,-0.64066505,-0.92191505,-0.91410255,-0.98441505,-1.1016026,-0.98441505,-0.80472755,-0.57816505,-1.0703526,-1.578165,-2.0234776,-1.8828526,-1.7109776,-1.609415,-1.6484776,-1.7109776,-1.7422276,-1.5859776,-1.4141026,-1.3516026,-1.4922276,-1.6641026,-1.7109776,-1.50004,-1.234415,-1.171915,-1.4297276,-1.828165,-2.0391026,-2.1016026,-2.0703526,-2.015665,-2.015665,-2.046915,-2.078165,-2.0391026,-1.9297276,-1.671915,-1.5391026,-1.5078526,-1.90629,-2.34379,-2.828165,-3.140665,-3.28129
-0.21879005,-0.007852554,0.75777245,1.68746,2.0233974,1.9765224,1.6483974,1.09371,0.77339745,0.63277245,0.18745995,-0.36722755,-0.99222755,-1.1016026,-1.171915,-1.203165,-1.25004,-1.31254,-1.3984776,-1.421915,-1.46879,-1.546915,-1.984415,-2.3672276,-2.5703526,-2.3047276,-1.9922276,-1.796915,-1.78129,-1.7734776,-1.640665,-1.40629,-1.2422276,-1.40629,-1.59379,-1.71879,-1.65629,-1.484415,-1.28129,-1.2891026,-1.484415,-1.7734776,-1.8984776,-1.984415,-2.06254,-2.140665,-2.21879,-2.3047276,-2.2422276,-2.203165,-2.203165,-2.15629,-2.0391026,-1.828165,-1.953165,-2.203165,-2.609415,-2.9297276,-3.12504
0.44527245,0.88277245,1.359335,1.765585,1.65621,1.1796474,0.44527245,0.085897446,0.039022446,0.27339745,-0.29691505,-0.77347755,-1.1484776,-1.0547276,-1.0391026,-1.171915,-1.296915,-1.40629,-1.46879,-1.3984776,-1.31254,-1.25004,-1.6797276,-2.1016026,-2.25004,-1.96879,-1.65629,-1.59379,-1.56254,-1.5078526,-1.296915,-1.21879,-1.25004,-1.484415,-1.53129,-1.453165,-1.328165,-1.2891026,-1.3203526,-1.4453526,-1.5547276,-1.6172276,-1.6641026,-1.78129,-2.00004,-2.140665,-2.2422276,-2.31254,-2.25004,-2.2109776,-2.21879,-2.2422276,-2.21879,-2.1172276,-2.078165,-2.12504,-2.3516026,-2.65629,-2.921915
1.0546474,1.1483974,0.98433495,0.64839745,0.29683495,-0.17191505,-0.75004005,-0.61722755,-0.32035255,0.124959946,-0.20316505,-0.53910255,-0.83597755,-0.88285255,-0.97660255,-1.1797276,-1.390665,-1.515665,-1.4297276,-1.06254,-0.66410255,-0.39066505,-0.71097755,-1.21879,-1.7109776,-1.8203526,-1.78129,-1.7109776,-1.6172276,-1.484415,-1.2422276,-1.18754,-1.265665,-1.3516026,-1.2578526,-1.0234776,-0.96097755,-1.046915,-1.265665,-1.515665,-1.6016026,-1.46879,-1.421915,-1.5547276,-1.9609776,-2.12504,-2.2109776,-2.2266026,-2.2266026,-2.21879,-2.21879,-2.21879,-2.18754,-2.09379,-1.984415,-1.9297276,-2.078165,-2.3672276,-2.6797276
0.55464745,0.14839745,-0.26566505,-0.67191505,-0.83597755,-0.92191505,-0.89847755,-0.54691505,-0.22660255,-0.007852554,-0.17191505,-0.43754005,-0.81254005,-1.0391026,-1.2266026,-1.3984776,-1.5391026,-1.546915,-1.234415,-0.72660255,-0.18754005,0.21870995,0.13277245,-0.23441505,-0.89847755,-1.3047276,-1.5703526,-1.765665,-1.734415,-1.53129,-1.296915,-1.3047276,-1.5234776,-1.4141026,-1.21879,-0.94535255,-0.95316505,-1.0391026,-1.21879,-1.5703526,-1.68754,-1.390665,-1.171915,-1.21879,-1.78129,-2.03129,-2.171915,-2.2266026,-2.2578526,-2.25004,-2.1172276,-2.0547276,-2.0234776,-2.046915,-1.9609776,-1.84379,-1.84379,-2.046915,-2.3828526
0.14058495,-0.35160255,-0.78129005,-1.140665,-1.1797276,-1.046915,-0.68754005,-0.39847755,-0.23441505,-0.28129005,-0.46879005,-0.71879005,-1.0234776,-1.296915,-1.5234776,-1.65629,-1.6016026,-1.4141026,-0.97660255,-0.60160255,-0.27347755,0.17183495,0.26558495,0.109334946,-0.64066505,-1.1016026,-1.328165,-1.640665,-1.796915,-1.8359776,-1.5703526,-1.4453526,-1.4766026,-1.4297276,-1.3516026,-1.2422276,-1.15629,-1.09379,-1.0859776,-1.5078526,-1.71879,-1.34379,-1.00004,-0.91410255,-1.453165,-1.81254,-2.0859776,-2.296915,-2.3672276,-2.31254,-2.0703526,-1.8984776,-1.7891026,-1.828165,-1.7734776,-1.671915,-1.6328526,-1.7734776,-2.078165
-0.38285255,-0.55472755,-0.75004005,-1.0234776,-1.109415,-1.0547276,-0.77347755,-0.59379005,-0.48441505,-0.50004005,-0.60160255,-0.75004005,-1.00004,-1.34379,-1.671915,-1.7578526,-1.5859776,-1.25004,-0.75004005,-0.57035255,-0.58597755,-0.40629005,-0.33597755,-0.35160255,-1.00004,-1.40629,-1.59379,-1.8672276,-2.06254,-2.171915,-1.81254,-1.4766026,-1.2266026,-1.3359776,-1.515665,-1.7266026,-1.5703526,-1.3828526,-1.296915,-1.515665,-1.6641026,-1.34379,-1.1172276,-1.015665,-1.296915,-1.59379,-1.890665,-2.203165,-2.37504,-2.4453526,-2.140665,-1.953165,-1.8672276,-2.015665,-1.953165,-1.62504,-1.5078526,-1.578165,-1.859415
-0.90629005,-0.95316505,-0.96879005,-1.015665,-1.046915,-1.03129,-0.92972755,-0.76566505,-0.60941505,-0.53910255,-0.50785255,-0.56254005,-0.87504005,-1.296915,-1.71879,-1.7578526,-1.5547276,-1.171915,-0.59379005,-0.45316505,-0.67191505,-0.95316505,-1.0859776,-1.046915,-1.4297276,-1.7422276,-1.9766026,-2.140665,-2.2266026,-2.2266026,-1.890665,-1.5391026,-1.265665,-1.3672276,-1.5859776,-1.859415,-1.7422276,-1.5547276,-1.5391026,-1.59379,-1.6484776,-1.546915,-1.4609776,-1.390665,-1.421915,-1.53129,-1.68754,-1.921915,-2.1953526,-2.50004,-2.2266026,-2.046915,-1.9609776,-2.12504,-2.03129,-1.59379,-1.421915,-1.43754,-1.703165
-1.06254,-1.140665,-1.1328526,-1.06254,-0.99222755,-0.92972755,-0.92191505,-0.88285255,-0.84379005,-0.85941505,-0.89066505,-0.93754005,-1.1484776,-1.4766026,-1.828165,-1.7578526,-1.453165,-0.96097755,-0.44535255,-0.29691505,-0.50785255,-0.98441505,-1.2422276,-1.2266026,-1.3984776,-1.62504,-1.93754,-2.0859776,-2.171915,-2.203165,-2.0547276,-1.8516026,-1.5703526,-1.53129,-1.5859776,-1.71879,-1.640665,-1.515665,-1.578165,-1.671915,-1.765665,-1.765665,-1.734415,-1.6641026,-1.68754,-1.7422276,-1.828165,-1.9922276,-2.15629,-2.3047276,-2.15629,-2.0078526,-1.8984776,-1.96879,-1.8984776,-1.5078526,-1.34379,-1.3359776,-1.578165
-1.1797276,-1.1953526,-1.15629,-1.0859776,-1.03129,-0.97660255,-0.92972755,-0.93754005,-0.96879005,-1.03129,-1.203165,-1.46879,-1.6953526,-1.8047276,-1.8047276,-1.609415,-1.28129,-0.82035255,-0.42191505,-0.22660255,-0.26566505,-0.46879005,-0.60941505,-0.65629005,-0.85160255,-1.1484776,-1.5703526,-1.8516026,-2.078165,-2.265665,-2.3203526,-2.2734776,-1.96879,-1.7578526,-1.6172276,-1.62504,-1.6641026,-1.7578526,-1.921915,-1.9453526,-1.828165,-1.734415,-1.7578526,-1.921915,-2.0234776,-2.1016026,-2.140665,-2.265665,-2.2891026,-2.1641026,-2.0078526,-1.8984776,-1.8828526,-1.93754,-1.90629,-1.5703526,-1.3672276,-1.265665,-1.484415
-1.31254,-1.328165,-1.296915,-1.21879,-1.21879,-1.2578526,-1.2578526,-1.21879,-1.1484776,-1.1641026,-1.265665,-1.4453526,-1.68754,-1.8359776,-1.87504,-1.6172276,-1.296915,-0.89847755,-0.61722755,-0.40629005,-0.28129005,-0.039102554,0.109334946,-0.007852554,-0.50004005,-1.0547276,-1.5234776,-1.8984776,-2.21879,-2.453165,-2.5547276,-2.546915,-2.265665,-2.015665,-1.8047276,-1.7422276,-1.81254,-1.9922276,-2.1641026,-2.1641026,-1.9922276,-1.8047276,-1.7734776,-1.96879,-2.1016026,-2.1484776,-2.046915,-2.1641026,-2.234415,-2.109415,-1.8828526,-1.640665,-1.4141026,-1.5859776,-1.859415,-1.8047276,-1.5391026,-1.234415,-1.421915
-1.3984776,-1.484415,-1.5234776,-1.4922276,-1.5547276,-1.671915,-1.6953526,-1.59379,-1.3828526,-1.3828526,-1.453165,-1.62504,-1.78129,-1.8672276,-1.859415,-1.7109776,-1.5391026,-1.3516026,-1.1016026,-0.89847755,-0.80472755,-0.84379005,-1.0078526,-1.3828526,-1.7266026,-2.00004,-2.109415,-2.34379,-2.6328526,-2.7891026,-2.765665,-2.59379,-2.3984776,-2.234415,-2.1172276,-2.03129,-2.06254,-2.2266026,-2.28129,-2.2109776,-1.96879,-1.7578526,-1.71879,-1.96879,-2.140665,-2.18754,-1.96879,-2.00004,-2.0859776,-2.109415,-1.9141026,-1.5547276,-0.85160255,-0.97660255,-1.5078526,-1.7734776,-1.640665,-1.28129,-1.390665
-1.6328526,-1.7109776,-1.78129,-1.9141026,-2.0391026,-2.1484776,-2.140665,-2.1016026,-2.0547276,-2.171915,-2.3516026,-2.59379,-2.609415,-2.5078526,-2.2578526,-2.09379,-1.96879,-1.8672276,-1.8672276,-1.9766026,-2.328165,-2.65629,-2.9453526,-3.0703526,-3.015665,-2.8516026,-2.734415,-2.859415,-3.140665,-3.25004,-3.06254,-2.6328526,-2.5078526,-2.4297276,-2.37504,-2.3047276,-2.3203526,-2.46879,-2.3984776,-2.25004,-2.015665,-1.921915,-1.9453526,-2.15629,-2.1641026,-2.0547276,-1.828165,-1.9297276,-2.171915,-2.28129,-2.109415,-1.7266026,-1.00004,-0.71879005,-0.75785255,-1.171915,-1.43754,-1.5547276,-1.4766026
-2.09379,-2.1016026,-2.109415,-2.2734776,-2.37504,-2.40629,-2.40629,-2.453165,-2.546915,-2.75004,-3.0078526,-3.3359776,-3.31254,-3.140665,-2.8047276,-2.65629,-2.578165,-2.5703526,-2.65629,-2.81254,-3.140665,-3.3828526,-3.53129,-3.3828526,-3.2734776,-3.1953526,-3.15629,-3.1172276,-3.046915,-2.9609776,-2.8672276,-2.796915,-2.84379,-2.7891026,-2.5547276,-2.4766026,-2.484415,-2.6328526,-2.4922276,-2.265665,-2.046915,-2.03129,-2.1172276,-2.2422276,-2.1172276,-1.8984776,-1.7734776,-1.859415,-2.046915,-2.1328526,-1.984415,-1.640665,-0.85941505,-0.49222755,-0.56254005,-1.3047276,-1.8203526,-1.9766026,-1.7109776
-1.90629,-1.8984776,-1.96879,-2.015665,-2.12504,-2.34379,-2.46879,-2.515665,-2.4766026,-2.7109776,-3.03129,-3.40629,-3.4766026,-3.3984776,-3.18754,-3.0391026,-2.9453526,-2.984415,-3.06254,-3.1484776,-3.1797276,-3.203165,-3.234415,-3.21879,-3.12504,-2.93754,-2.7578526,-2.640665,-2.62504,-2.546915,-2.5703526,-2.765665,-3.0078526,-3.12504,-2.90629,-2.7891026,-2.734415,-2.75004,-2.5078526,-2.171915,-1.859415,-1.84379,-1.953165,-2.046915,-1.9609776,-1.7734776,-1.7734776,-1.8516026,-2.0078526,-2.06254,-1.9766026,-1.7266026,-1.1953526,-0.86722755,-0.81254005,-1.2578526,-1.6797276,-1.9453526,-1.7578526
