wind-global.json
{"header": { "discipline":0, "disciplineName":"Meteorological products", "gribEdition":2, "gribLength":51317, "center":7, "centerName":"US National Weather Service - NCEP(WMC)", "subcenter":0, "refTime":"2021-06-22T00:00:00.000Z", "significanceOfRT":1, "significanceOfRTName":"Start of forecast", "productStatus":0, "productStatusName":"Operational products", "productType":2, "productTypeName":"Analysis and Forecast products", "productDefinitionTemplate":0, "productDefinitionTemplateName":"Analysis/forecast at horizontal level/layer at a point in time", "parameterCategory":2, "parameterCategoryName":"Momentum", "parameterNumber":3, "parameterNumberName":"V-component_of_wind", "parameterUnit":"m.s-1", "genProcessType":0, "genProcessTypeName":"Analysis", "forecastTime":18, "surface1Type":103, "surface1TypeName":"Specified height level above ground", "surface1Value":10.0, "surface2Type":255, "surface2TypeName":"Missing", "surface2Value":-9.999E-252, "gridDefinitionTemplate":0, "gridDefinitionTemplateName":"Latitude_Longitude", "numberPoints":37191, "shape":0, "shapeName":"Earth spherical with radius = 6,367,470 m", "gridUnits":"degrees", "resolution":48, "winds":"true", "scanMode":64, "nx":231, "ny":161, "basicAngle":0, "lo1":358.75003, "la1":39.25, "lo2":4.5, "la2":43.25, "dx":0.025, "dy":0.025 }, "data":
[rows 0 to 24 of 161, columns 116 to 173 of 231]
-2.6653557,-2.6653557,-2.6809807,-2.7044182,-2.7278557,-2.7356682,-2.7278557,-2.6341057,-2.5325432,-2.4309807,-2.3528557,-2.2512932,-2.1419182,-2.0403557,-1.9622307,-1.8841057,-1.7747307,-1.5481682,-1.2512932,-0.8997307,-0.5247307,-0.15754318,0.21745682,0.6002693,0.9674568,1.3268318,1.6783943,1.9440193,2.1393318,2.2643318,2.0299568,1.6862068,1.2799568,0.9908943,0.37370682,-0.39191818,-1.1966057,-1.6809807,-1.9934807,-2.1262932,-2.0794182,-2.0012932,-1.9075432,-1.8762932,-1.8919182,-1.9075432,-1.8997307,-1.8294182,-1.7278557,-1.6184807,-1.5091057,-1.3919182,-1.2512932,-1.0325432,-0.7825432,-0.5247307,-0.39973068,-0.38410568
-2.8997307,-2.9309807,-2.9778557,-3.0559807,-3.1106682,-3.1184807,-3.0637932,-2.8997307,-2.7669182,-2.6731682,-2.5950432,-2.4934807,-2.3919182,-2.3294182,-2.3059807,-2.2747307,-2.1887932,-1.9622307,-1.6731682,-1.3216057,-0.9466057,-0.5716057,-0.19660568,0.15495682,0.5377693,0.9205818,1.2799568,1.4830818,1.5924568,1.6158943,1.3893318,0.9283943,0.30339432,0.13151932,-0.23566818,-0.8059807,-1.8216057,-2.3528557,-2.6106682,-2.6419182,-2.5012932,-2.3528557,-2.2200432,-2.1887932,-2.1809807,-2.1653557,-2.1028557,-1.9856682,-1.8372307,-1.6497307,-1.4622307,-1.2903557,-1.1419182,-0.8294182,-0.36066818,0.12370682,-0.38410568,-0.7825432
-3.0325432,-3.0794182,-3.1497307,-3.2044182,-3.2044182,-3.1419182,-3.0012932,-2.8997307,-2.8372307,-2.7981682,-2.7200432,-2.6341057,-2.5559807,-2.5403557,-2.5325432,-2.5091057,-2.4231682,-2.2356682,-1.9934807,-1.7122307,-1.3762932,-1.0169182,-0.6497307,-0.27473068,0.14714432,0.5612068,0.8893318,1.0221443,1.0299568,0.8737068,0.49089432,0.045581818,-0.39973068,-0.7356682,-1.3216057,-2.0716057,-2.7669182,-3.0637932,-3.1497307,-3.0872307,-2.9075432,-2.7044182,-2.4856682,-2.3919182,-2.3450432,-2.3372307,-2.2825432,-2.1262932,-1.8919182,-1.6106682,-1.3997307,-1.2044182,-0.9856682,-0.6262932,-0.15754318,0.34245682,-0.45441818,-1.0091057
-3.1887932,-3.2591057,-3.3294182,-3.3684807,-3.3294182,-3.2512932,-3.1653557,-3.1341057,-3.1028557,-3.0403557,-2.9544182,-2.8919182,-2.8450432,-2.8528557,-2.8528557,-2.8294182,-2.7356682,-2.5637932,-2.3450432,-2.0872307,-1.7669182,-1.4153557,-1.0325432,-0.6106682,-0.18098068,0.21745682,0.44401932,0.46745682,0.29558182,-0.12629318,-0.7200432,-1.3059807,-1.8606682,-2.4075432,-2.9231682,-3.3841057,-3.6341057,-3.6419182,-3.5325432,-3.3762932,-3.1809807,-2.9622307,-2.7200432,-2.6575432,-2.6653557,-2.6809807,-2.4387932,-2.0872307,-1.7044182,-1.4387932,-1.2278557,-0.9466057,-0.47785568,-0.24348068,-0.09504318,0.029956818,-0.6419182,-1.1419182
-3.3606682,-3.4231682,-3.4778557,-3.4622307,-3.4075432,-3.3450432,-3.3137932,-3.2903557,-3.2434807,-3.1653557,-3.1106682,-3.0716057,-3.0559807,-3.0872307,-3.1106682,-3.0950432,-2.9700432,-2.8059807,-2.6262932,-2.4231682,-2.1653557,-1.8528557,-1.4856682,-1.0247307,-0.5950432,-0.22004318,-0.08723068,-0.22004318,-0.5872307,-1.2434807,-1.9309807,-2.6341057,-3.3372307,-3.8841057,-4.220043,-4.3216057,-4.1653557,-3.9466057,-3.6966057,-3.5247307,-3.3528557,-3.1966057,-3.0794182,-3.0325432,-2.8684807,-2.5091057,-1.8919182,-1.4856682,-1.2747307,-1.1341057,-0.8450432,-0.39973068,0.31120682,0.35808182,0.13933182,-0.22004318,-0.7434807,-1.1731682
-3.5247307,-3.5637932,-3.5716057,-3.5169182,-3.4778557,-3.4622307,-3.4700432,-3.4309807,-3.3762932,-3.3137932,-3.2903557,-3.2825432,-3.3137932,-3.3684807,-3.3919182,-3.3684807,-3.2512932,-3.1028557,-2.9544182,-2.7981682,-2.5794182,-2.2981682,-1.9309807,-1.4622307,-1.0091057,-0.6028557,-0.5716057,-0.8762932,-1.4544182,-2.2669182,-3.0247307,-3.7512932,-4.438793,-4.8372307,-4.954418,-4.751293,-4.360668,-4.0403557,-3.8059807,-3.6731682,-3.5091057,-3.3294182,-3.1497307,-2.7981682,-2.3137932,-1.7122307,-1.4309807,-1.2669182,-1.1809807,-0.7044182,-0.32160568,0.029956818,0.7174568,0.8580818,0.6315193,-0.06379318,-0.6809807,-1.1966057
-3.6809807,-3.6731682,-3.6262932,-3.5794182,-3.5794182,-3.6106682,-3.5950432,-3.5481682,-3.4934807,-3.4622307,-3.4622307,-3.4934807,-3.5559807,-3.6262932,-3.6419182,-3.5950432,-3.4700432,-3.3606682,-3.2669182,-3.1731682,-2.9934807,-2.7512932,-2.3997307,-1.9231682,-1.4466057,-0.9856682,-1.0637932,-1.5247307,-2.3294182,-3.2669182,-4.032543,-4.657543,-5.1341057,-5.2903557,-5.1966057,-4.798168,-4.3528557,-4.0247307,-3.8294182,-3.6809807,-3.4544182,-3.1419182,-2.6575432,-2.0716057,-1.5325432,-1.2747307,-1.2747307,-1.2512932,-1.1106682,-0.6184807,-0.26691818,-0.040355682,0.6002693,1.0377693,1.1705818,0.38151932,-0.46223068,-1.1966057
-3.8059807,-3.7512932,-3.6809807,-3.6887932,-3.7122307,-3.7434807,-3.6887932,-3.6341057,-3.5950432,-3.5950432,-3.6341057,-3.6966057,-3.7903557,-3.8528557,-3.8684807,-3.8059807,-3.6966057,-3.6184807,-3.5716057,-3.5247307,-3.4075432,-3.2200432,-2.8997307,-2.4153557,-1.8841057,-1.3684807,-1.4700432,-2.0169182,-2.9934807,-3.9856682,-4.6653557,-5.095043,-5.313793,-5.2903557,-5.079418,-4.626293,-4.2278557,-3.9075432,-3.6966057,-3.4231682,-3.0637932,-2.6028557,-1.9466057,-1.4387932,-1.1184807,-1.1497307,-1.1653557,-1.1184807,-0.9700432,-0.5794182,-0.33723068,-0.32160568,0.13933182,0.7174568,1.2565193,0.7018318,-0.13410568,-1.0169182
-3.8762932,-3.8059807,-3.7747307,-3.8137932,-3.8372307,-3.8294182,-3.7591057,-3.7200432,-3.6966057,-3.7356682,-3.7981682,-3.8841057,-4.001293,-4.0559807,-4.063793,-3.9934807,-3.9075432,-3.8528557,-3.8450432,-3.8372307,-3.7903557,-3.6809807,-3.4075432,-2.9231682,-2.3528557,-1.7591057,-1.7512932,-2.2278557,-3.2591057,-4.266918,-4.891918,-5.157543,-5.1028557,-4.8841057,-4.579418,-4.220043,-3.9387932,-3.6653557,-3.3372307,-2.8997307,-2.3919182,-1.8059807,-1.1731682,-0.8762932,-0.8841057,-1.0716057,-1.0794182,-1.0012932,-0.9309807,-0.6575432,-0.48566818,-0.5481682,-0.22004318,0.31120682,0.9830818,0.8580818,0.20183182,-0.8294182
-3.9309807,-3.8919182,-3.9231682,-3.9544182,-3.9387932,-3.8841057,-3.8294182,-3.7981682,-3.7981682,-3.8528557,-3.9466057,-4.0559807,-4.1653557,-4.2278557,-4.2278557,-4.157543,-4.095043,-4.063793,-4.0872307,-4.1341057,-4.141918,-4.110668,-3.8762932,-3.4387932,-2.8841057,-2.2044182,-1.9622307,-2.1575432,-2.9544182,-3.7278557,-4.1341057,-4.1341057,-3.7200432,-3.4309807,-3.2981682,-3.4544182,-3.4231682,-3.2122307,-2.7356682,-2.1966057,-1.5716057,-0.8528557,-0.22785568,-0.11066818,-0.5325432,-0.8684807,-0.9231682,-0.8137932,-0.8528557,-0.7044182,-0.5716057,-0.6887932,-0.44660568,-0.07160568,0.39714432,0.31901932,-0.30598068,-1.3997307
-4.0091057,-4.0247307,-4.079418,-4.063793,-4.001293,-3.9231682,-3.8841057,-3.8762932,-3.8919182,-3.9778557,-4.079418,-4.188793,-4.298168,-4.3528557,-4.3684807,-4.313793,-4.2591057,-4.251293,-4.2903557,-4.3841057,-4.454418,-4.4778557,-4.298168,-3.9544182,-3.4622307,-2.7903557,-2.2981682,-2.1575432,-2.7122307,-3.3841057,-3.7669182,-3.7044182,-3.2122307,-2.8919182,-2.7747307,-2.8528557,-2.7044182,-2.3919182,-1.9309807,-1.3528557,-0.6966057,0.029956818,0.6315193,0.7096443,0.13933182,-0.44660568,-0.8059807,-0.9934807,-1.1497307,-1.1653557,-1.1731682,-1.3841057,-1.2903557,-1.0794182,-0.7669182,-0.6966057,-1.0247307,-1.7903557
-4.1184807,-4.1653557,-4.173168,-4.1184807,-4.0403557,-3.9778557,-3.9466057,-3.9466057,-3.9778557,-4.0872307,-4.188793,-4.298168,-4.3997307,-4.454418,-4.4778557,-4.4466057,-4.4153557,-4.407543,-4.4622307,-4.6028557,-4.7122307,-4.7747307,-4.6497307,-4.4153557,-4.0716057,-3.5169182,-2.8684807,-2.2825432,-2.0169182,-2.0637932,-2.2200432,-2.4934807,-2.6106682,-2.5950432,-2.3762932,-1.9387932,-1.4856682,-1.0325432,-0.6575432,-0.23566818,0.20964432,0.5924568,0.9987068,1.1549568,0.8815193,-0.17316818,-1.1341057,-1.8762932,-1.9231682,-2.0247307,-2.1966057,-2.4153557,-2.2981682,-2.0091057,-1.6497307,-1.5716057,-1.6809807,-1.9466057
-4.235668,-4.266918,-4.2278557,-4.157543,-4.0872307,-4.0247307,-4.001293,-4.0091057,-4.0716057,-4.1809807,-4.2903557,-4.3997307,-4.485668,-4.5403557,-4.5716057,-4.563793,-4.5403557,-4.5403557,-4.626293,-4.782543,-4.9153557,-4.9934807,-4.923168,-4.7903557,-4.5872307,-4.2434807,-3.7200432,-3.0794182,-2.4153557,-2.0559807,-1.9153557,-2.0559807,-2.0091057,-1.8450432,-1.5716057,-1.4778557,-1.2512932,-0.8450432,-0.024730682,0.6471443,1.1315193,1.2252693,1.4127693,1.4049568,0.8424568,-0.7669182,-2.0950432,-2.7434807,-2.5481682,-2.5325432,-2.6887932,-2.7200432,-2.5169182,-2.2200432,-1.9622307,-1.9153557,-1.9231682,-1.9075432
-4.329418,-4.329418,-4.2591057,-4.1966057,-4.1341057,-4.0716057,-4.0559807,-4.079418,-4.1497307,-4.251293,-4.360668,-4.470043,-4.5559807,-4.626293,-4.657543,-4.6341057,-4.626293,-4.6497307,-4.766918,-4.9309807,-5.0716057,-5.1497307,-5.1184807,-5.0403557,-4.9309807,-4.7747307,-4.5091057,-4.1497307,-3.5325432,-2.9231682,-2.3372307,-1.9466057,-1.6575432,-1.5012932,-1.5637932,-1.7434807,-1.6184807,-1.0794182,-0.26691818,0.39714432,0.9205818,1.2565193,1.2330818,0.6705818,-0.9622307,-2.2044182,-2.8528557,-2.6575432,-2.5403557,-2.4856682,-2.4700432,-2.2981682,-2.1184807,-1.9622307,-1.9231682,-1.8762932,-1.8059807,-1.6809807
-4.3841057,-4.3528557,-4.282543,-4.2278557,-4.173168,-4.1341057,-4.126293,-4.1497307,-4.220043,-4.3216057,-4.4309807,-4.532543,-4.6184807,-4.6653557,-4.688793,-4.6809807,-4.6966057,-4.7434807,-4.876293,-5.048168,-5.204418,-5.2747307,-5.235668,-5.1653557,-5.079418,-5.016918,-4.923168,-4.798168,-4.438793,-3.8997307,-3.2122307,-2.4153557,-1.7747307,-1.3528557,-1.4309807,-1.7512932,-1.8450432,-1.4934807,-0.7825432,-0.11848068,0.45183182,0.38933182,-0.17316818,-1.1184807,-2.1497307,-2.7512932,-3.0169182,-2.9700432,-2.9544182,-2.8841057,-2.7122307,-2.3684807,-2.0794182,-1.8528557,-1.7981682,-1.7044182,-1.5950432,-1.4700432
-4.407543,-4.360668,-4.3059807,-4.266918,-4.220043,-4.1966057,-4.188793,-4.220043,-4.2903557,-4.391918,-4.501293,-4.595043,-4.657543,-4.6966057,-4.7122307,-4.7122307,-4.735668,-4.7903557,-4.954418,-5.1341057,-5.298168,-5.360668,-5.3059807,-5.204418,-5.095043,-5.032543,-4.9778557,-4.923168,-4.8216057,-4.5559807,-4.110668,-3.2278557,-2.3762932,-1.6653557,-1.4231682,-1.3059807,-1.1653557,-1.0091057,-0.8606682,-0.7591057,-0.6966057,-1.0325432,-1.4231682,-1.7981682,-2.0012932,-2.1887932,-2.4153557,-2.8059807,-3.0481682,-3.1497307,-3.0559807,-2.7825432,-2.4075432,-1.9387932,-1.6575432,-1.4700432,-1.3762932,-1.3762932
-4.4153557,-4.3684807,-4.3372307,-4.3059807,-4.282543,-4.2591057,-4.2591057,-4.2903557,-4.3684807,-4.470043,-4.5716057,-4.641918,-4.6809807,-4.7122307,-4.720043,-4.720043,-4.751293,-4.8216057,-4.9934807,-5.1809807,-5.360668,-5.423168,-5.360668,-5.235668,-5.079418,-4.985668,-4.9309807,-4.923168,-4.876293,-4.735668,-4.501293,-3.9231682,-3.2825432,-2.6106682,-1.9700432,-1.1887932,-0.44660568,-0.11848068,-0.49348068,-1.0325432,-1.5012932,-1.6184807,-1.7903557,-2.0794182,-2.1809807,-2.2825432,-2.3919182,-2.6419182,-2.8216057,-2.9544182,-3.0950432,-3.0012932,-2.6887932,-2.0872307,-1.6028557,-1.2825432,-1.1575432,-1.2981682
-4.4153557,-4.391918,-4.376293,-4.3684807,-4.345043,-4.329418,-4.3372307,-4.3684807,-4.454418,-4.548168,-4.6341057,-4.6809807,-4.704418,-4.720043,-4.720043,-4.7278557,-4.766918,-4.8528557,-5.0247307,-5.204418,-5.3841057,-5.454418,-5.407543,-5.2903557,-5.1028557,-4.9309807,-4.8059807,-4.7591057,-4.782543,-4.798168,-4.766918,-4.5559807,-4.2122307,-3.7278557,-2.9153557,-1.8919182,-0.8216057,-0.09504318,-0.35285568,-0.9778557,-1.7122307,-1.8059807,-1.9466057,-2.3294182,-2.6028557,-2.6887932,-2.5716057,-2.6106682,-2.6262932,-2.6419182,-2.7669182,-2.8372307,-2.7356682,-2.2200432,-1.6575432,-1.2669182,-1.1575432,-1.3059807
-4.438793,-4.4466057,-4.438793,-4.4309807,-4.4153557,-4.4153557,-4.4309807,-4.470043,-4.548168,-4.6184807,-4.6809807,-4.7122307,-4.720043,-4.7122307,-4.704418,-4.720043,-4.766918,-4.876293,-5.0403557,-5.204418,-5.3684807,-5.4466057,-5.423168,-5.3372307,-5.173168,-5.0091057,-4.8684807,-4.751293,-4.704418,-4.688793,-4.7122307,-4.704418,-4.6028557,-4.391918,-3.7903557,-3.0481682,-2.2044182,-1.3762932,-1.0872307,-1.1497307,-1.5950432,-1.5794182,-1.5794182,-1.9153557,-2.4778557,-2.8059807,-2.7903557,-2.7591057,-2.6731682,-2.5481682,-2.5325432,-2.5403557,-2.4856682,-2.1341057,-1.7669182,-1.4778557,-1.3528557,-1.4466057
-4.5091057,-4.516918,-4.516918,-4.516918,-4.5091057,-4.516918,-4.5403557,-4.5872307,-4.6341057,-4.6809807,-4.7122307,-4.720043,-4.7122307,-4.6966057,-4.6809807,-4.704418,-4.766918,-4.8841057,-5.048168,-5.204418,-5.360668,-5.4309807,-5.4309807,-5.3528557,-5.204418,-5.063793,-4.938793,-4.8684807,-4.845043,-4.845043,-4.829418,-4.782543,-4.720043,-4.641918,-4.391918,-4.048168,-3.6106682,-3.0794182,-2.5325432,-1.9856682,-1.5559807,-1.0481682,-0.7122307,-0.9856682,-1.7356682,-2.3762932,-2.6575432,-2.6419182,-2.5716057,-2.4622307,-2.4153557,-2.3450432,-2.1966057,-1.7903557,-1.4778557,-1.2981682,-1.3762932,-1.5403557
-4.595043,-4.6028557,-4.595043,-4.5872307,-4.5872307,-4.610668,-4.641918,-4.6809807,-4.6966057,-4.7122307,-4.720043,-4.7122307,-4.6966057,-4.6809807,-4.6497307,-4.673168,-4.7434807,-4.8684807,-5.032543,-5.1966057,-5.345043,-5.4309807,-5.4466057,-5.3841057,-5.2434807,-5.110668,-4.985668,-4.9466057,-4.9622307,-5.0091057,-5.048168,-5.016918,-4.954418,-4.860668,-4.7122307,-4.5247307,-4.2747307,-4.0559807,-3.6106682,-2.9309807,-1.8137932,-0.9231682,-0.36848068,-0.6262932,-1.2747307,-1.8841057,-2.1106682,-2.0872307,-2.1184807,-2.2981682,-2.3528557,-2.2591057,-2.0012932,-1.3919182,-0.9856682,-0.7981682,-1.0559807,-1.3372307
-4.6809807,-4.6809807,-4.673168,-4.6653557,-4.673168,-4.704418,-4.7278557,-4.7434807,-4.735668,-4.720043,-4.6966057,-4.6966057,-4.688793,-4.657543,-4.6341057,-4.6497307,-4.7122307,-4.8372307,-4.9934807,-5.1653557,-5.329418,-5.4309807,-5.470043,-5.4309807,-5.298168,-5.1653557,-5.0403557,-5.001293,-5.032543,-5.095043,-5.157543,-5.1653557,-5.141918,-5.063793,-4.9466057,-4.8059807,-4.610668,-4.2434807,-3.7122307,-3.0403557,-2.1809807,-1.6184807,-1.3216057,-1.5091057,-1.7356682,-1.8372307,-1.5325432,-1.2825432,-1.2356682,-1.5950432,-1.8762932,-2.0012932,-1.9231682,-1.3841057,-0.9700432,-0.6809807,-0.7434807,-1.1419182
-4.7591057,-4.7434807,-4.735668,-4.735668,-4.751293,-4.766918,-4.7747307,-4.7591057,-4.735668,-4.704418,-4.673168,-4.6809807,-4.673168,-4.657543,-4.641918,-4.641918,-4.673168,-4.782543,-4.938793,-5.1184807,-5.298168,-5.423168,-5.4934807,-5.4778557,-5.3528557,-5.220043,-5.079418,-5.048168,-5.079418,-5.1653557,-5.2591057,-5.2903557,-5.2747307,-5.1966057,-5.095043,-5.0091057,-4.9622307,-4.891918,-4.7278557,-4.438793,-3.8841057,-3.4153557,-3.0403557,-2.7903557,-2.4466057,-2.0169182,-1.3919182,-0.8137932,-0.42316818,-0.5325432,-0.9700432,-1.3684807,-1.6106682,-1.3450432,-1.0716057,-0.8216057,-0.7044182,-0.8997307
-4.813793,-4.798168,-4.7903557,-4.798168,-4.798168,-4.798168,-4.782543,-4.751293,-4.7122307,-4.6809807,-4.6653557,-4.6653557,-4.673168,-4.6653557,-4.641918,-4.6341057,-4.641918,-4.7278557,-4.876293,-5.0559807,-5.266918,-5.423168,-5.5247307,-5.532543,-5.4153557,-5.266918,-5.110668,-5.0716057,-5.095043,-5.204418,-5.3216057,-5.3841057,-5.391918,-5.2903557,-5.1809807,-5.095043,-5.079418,-5.1184807,-5.141918,-5.1028557,-4.845043,-4.4934807,-4.048168,-3.4075432,-2.8450432,-2.3606682,-1.9700432,-1.3450432,-0.6731682,-0.30598068,-0.47004318,-0.7903557,-1.1106682,-1.1106682,-1.0403557,-0.9387932,-0.9387932,-1.0169182
-4.8372307,-4.829418,-4.8216057,-4.8216057,-4.813793,-4.798168,-4.782543,-4.751293,-4.7122307,-4.6809807,-4.6653557,-4.6809807,-4.688793,-4.6809807,-4.657543,-4.6341057,-4.610668,-4.673168,-4.8059807,-4.9934807,-5.2278557,-5.4153557,-5.548168,-5.579418,-5.4778557,-5.3372307,-5.157543,-5.079418,-5.079418,-5.188793,-5.3372307,-5.4309807,-5.4466057,-5.345043,-5.235668,-5.141918,-5.1341057,-5.2278557,-5.360668,-5.516918,-5.5559807,-5.438793,-5.110668,-4.391918,-3.6887932,-3.0481682,-2.6966057,-2.3294182,-1.9153557,-1.5012932,-1.1419182,-0.8919182,-0.9466057,-1.0403557,-1.0716057,-0.9856682,-1.2903557,-1.6809807
