wind-global.json
{"header": { "discipline":0, "disciplineName":"Meteorological products", "gribEdition":2, "gribLength":51317, "center":7, "centerName":"US National Weather Service - NCEP(WMC)", "subcenter":0, "refTime":"2021-06-22T00:00:00.000Z", "significanceOfRT":1, "significanceOfRTName":"Start of forecast", "productStatus":0, "productStatusName":"Operational products", "productType":2, "productTypeName":"Analysis and Forecast products", "productDefinitionTemplate":0, "productDefinitionTemplateName":"Analysis/forecast at horizontal level/layer at a point in time", "parameterCategory":2, "parameterCategoryName":"Momentum", "parameterNumber":2, "parameterNumberName":"U-component_of_wind", "parameterUnit":"m.s-1", "genProcessType":0, "genProcessTypeName":"Analysis", "forecastTime":18, "surface1Type":103, "surface1TypeName":"Specified height level above ground", "surface1Value":10.0, "surface2Type":255, "surface2TypeName":"Missing", "surface2Value":-9.999E-252, "gridDefinitionTemplate":0, "gridDefinitionTemplateName":"Latitude_Longitude", "numberPoints":37191, "shape":0, "shapeName":"Earth spherical with radius = 6,367,470 m", "gridUnits":"degrees", "resolution":48, "winds":"true", "scanMode":64, "nx":231, "ny":161, "basicAngle":0, "lo1":358.75003, "la1":39.25, "lo2":4.5, "la2":43.25, "dx":0.025, "dy":0.025 }, "data":
[rows 100 to 124 of 161, columns 116 to 173 of 231]
2.9362068,2.3580818,1.8580818,1.2408943,0.46745682,-0.8059807,-1.6262932,-1.8216057,-0.8372307,-0.032543182,0.49870682,-0.07941818,-0.8372307,-1.7747307,-2.1028557,-2.1262932,-1.8294182,-1.8450432,-1.8841057,-1.9075432,-1.3059807,-0.6966057,-0.10285568,-0.16535568,-0.13410568,0.0065193176,0.26433182,0.26433182,0.029956818,0.06901932,0.45964432,1.1783943,1.4987068,1.3893318,0.8893318,0.5377693,0.37370682,0.38933182,0.045581818,-0.29035568,-0.6184807,-0.49348068,-0.41535568,-0.39973068,-0.5012932,-0.6341057,-0.7825432,-0.8684807,-0.8137932,-0.6809807,-0.6653557,-0.6106682,-0.5325432,-0.29035568,-0.16535568,-0.11848068,-0.28254318,-0.39191818
3.0533943,2.9049568,2.6862068,1.9752693,0.48308182,-1.1653557,-2.0169182,-1.6184807,-0.6575432,0.11589432,0.5690193,0.061206818,-0.7044182,-1.7044182,-2.1262932,-2.2434807,-2.0247307,-1.9622307,-1.8137932,-1.5169182,-0.8528557,-0.33723068,-0.07160568,-0.17316818,-0.08723068,0.25651932,0.35808182,0.28776932,0.022144318,0.30339432,0.8190193,1.5533943,1.6002693,1.2096443,0.36589432,-0.11066818,-0.27473068,-0.07941818,-0.17316818,-0.32160568,-0.5325432,-0.41535568,-0.38410568,-0.44660568,-0.6028557,-0.6653557,-0.6262932,-0.6809807,-0.7278557,-0.7747307,-0.7591057,-0.7669182,-0.8216057,-0.7356682,-0.5872307,-0.35285568,-0.32160568,-0.32941818
2.8112068,2.6237068,2.4987068,1.8737068,0.25651932,-1.1575432,-1.8606682,-1.3450432,-0.6497307,-0.0012931824,0.5377693,0.24089432,-0.46223068,-1.6575432,-2.0794182,-2.1575432,-1.8762932,-1.7747307,-1.5481682,-1.0716057,-0.40754318,0.0065193176,-0.048168182,-0.11066818,0.014331818,0.46745682,0.5455818,0.5299568,0.44401932,0.7877693,1.1627693,1.5143318,1.1627693,0.5221443,-0.38410568,-0.7278557,-0.7200432,-0.31379318,-0.29035568,-0.39973068,-0.6341057,-0.5950432,-0.5872307,-0.6653557,-0.7200432,-0.7044182,-0.5794182,-0.7044182,-0.8841057,-1.0950432,-1.0950432,-1.1262932,-1.1887932,-1.2122307,-1.0794182,-0.7747307,-0.47004318,-0.28254318
3.0221443,2.6237068,2.4440193,2.1002693,1.2408943,0.037769318,-0.8997307,-0.9466057,-0.44660568,0.15495682,0.6237068,0.38933182,-0.27473068,-1.5481682,-1.9075432,-1.8997307,-1.5637932,-1.3528557,-1.0637932,-0.5169182,0.053394318,0.36589432,0.10026932,0.0065193176,0.13151932,0.6237068,0.8268318,0.9283943,0.9283943,1.0612068,1.1237068,0.9674568,0.32683182,-0.37629318,-0.9700432,-0.9778557,-0.7434807,-0.27473068,-0.27473068,-0.44660568,-0.7747307,-0.8137932,-0.8137932,-0.8372307,-0.8216057,-0.7825432,-0.7434807,-0.8684807,-1.0403557,-1.2434807,-1.3528557,-1.3997307,-1.3450432,-1.1341057,-0.9231682,-0.7356682,-0.5247307,-0.34504318
3.3346443,3.0299568,2.8502693,2.7330818,2.6862068,1.7018318,0.5143318,-0.26691818,-0.055980682,0.49870682,1.0768318,0.8268318,0.10026932,-1.1809807,-1.5481682,-1.5169182,-1.2591057,-1.0481682,-0.7591057,-0.21223068,0.21745682,0.43620682,0.18620682,0.14714432,0.30339432,0.7955818,1.0924568,1.2487068,1.1315193,1.0612068,0.9127693,0.49089432,-0.22785568,-0.8841057,-1.0950432,-0.8684807,-0.5012932,-0.16535568,-0.25129318,-0.5169182,-0.9153557,-1.0325432,-1.0559807,-1.0169182,-0.9778557,-0.9544182,-0.9856682,-1.0716057,-1.2044182,-1.4153557,-1.5091057,-1.5012932,-1.2747307,-1.0559807,-0.8762932,-0.8216057,-0.7825432,-0.6809807
3.3580818,3.2330818,3.0924568,3.0065193,3.1627693,2.6549568,1.8346443,0.7955818,0.46745682,0.5690193,1.3502693,1.3737068,0.8971443,-0.37629318,-0.9309807,-1.0872307,-0.8528557,-0.6653557,-0.43879318,0.022144318,0.35808182,0.5299568,0.28776932,0.25651932,0.40495682,0.9440193,1.3190193,1.5065193,1.2721443,1.1549568,1.0299568,0.6705818,-0.024730682,-0.7356682,-0.8762932,-0.6262932,-0.26691818,-0.12629318,-0.31379318,-0.6419182,-1.0091057,-1.1653557,-1.2044182,-1.1341057,-1.1106682,-1.1262932,-1.1653557,-1.2278557,-1.2981682,-1.3919182,-1.2903557,-1.0872307,-0.8216057,-0.7903557,-0.8684807,-0.8919182,-0.7825432,-0.6028557
3.2955818,3.2799568,3.2408943,3.1783943,2.9440193,2.7330818,2.4752693,1.8190193,1.1940193,0.7487068,1.3815193,1.6940193,1.7018318,0.6549568,-0.032543182,-0.46223068,-0.33723068,-0.24348068,-0.11848068,0.24089432,0.5768318,0.8190193,0.5924568,0.45183182,0.43620682,0.8893318,1.2799568,1.5612068,1.3737068,1.2955818,1.2487068,1.0533943,0.43620682,-0.32941818,-0.5559807,-0.40754318,-0.09504318,-0.17316818,-0.46223068,-0.8606682,-1.1809807,-1.3216057,-1.3372307,-1.2434807,-1.2278557,-1.2669182,-1.2903557,-1.2747307,-1.2278557,-1.1341057,-0.9544182,-0.7356682,-0.6106682,-0.6575432,-0.7981682,-0.8372307,-0.7591057,-0.6106682
3.0455818,3.0846443,3.1471443,3.1862068,2.7799568,2.4440193,2.1940193,2.2096443,2.0143318,1.7174568,1.7799568,1.9283943,2.0377693,1.3815193,0.8268318,0.39714432,0.40495682,0.42058182,0.45964432,0.5768318,0.7565193,0.9596443,0.8893318,0.7565193,0.5924568,0.8502693,1.1862068,1.5455818,1.4440193,1.4049568,1.3971443,1.2565193,0.8033943,0.14714432,-0.11066818,-0.15754318,-0.07941818,-0.39191818,-0.8294182,-1.3137932,-1.5716057,-1.6184807,-1.4934807,-1.3294182,-1.2747307,-1.3059807,-1.2981682,-1.2044182,-1.0481682,-0.9075432,-0.7591057,-0.6262932,-0.6731682,-0.7747307,-0.9153557,-0.9231682,-0.8372307,-0.6966057
3.1705818,3.1315193,2.9440193,2.6080818,2.3033943,2.1627693,2.1471443,2.4205818,2.6237068,2.7487068,2.6471443,2.4518318,2.1471443,1.6940193,1.3737068,1.1862068,1.1940193,1.2096443,1.2330818,1.1158943,1.0846443,1.1315193,1.0221443,0.8190193,0.5221443,0.7955818,1.1940193,1.7096443,1.7174568,1.7096443,1.6783943,1.4362068,0.9987068,0.35026932,0.061206818,-0.22004318,-0.5247307,-1.1341057,-1.6341057,-1.9934807,-2.0012932,-1.8294182,-1.4934807,-1.2825432,-1.1966057,-1.2434807,-1.1653557,-1.0169182,-0.7903557,-0.7278557,-0.7044182,-0.7200432,-0.8528557,-0.9622307,-1.0403557,-0.9622307,-0.8528557,-0.7200432
3.2018318,3.3190193,3.3190193,3.1705818,2.6080818,2.2252693,2.0846443,2.4283943,2.6862068,2.8112068,2.8815193,2.7799568,2.5143318,2.1705818,1.9283943,1.7643318,1.7174568,1.7096443,1.7877693,1.6783943,1.5612068,1.4440193,1.2096443,0.8893318,0.44401932,0.6002693,1.0768318,1.9596443,2.1940193,2.1549568,1.7799568,1.3815193,0.7252693,-0.26691818,-0.8450432,-1.2747307,-1.5247307,-2.0794182,-2.4466057,-2.5169182,-2.1653557,-1.7434807,-1.3294182,-1.1731682,-1.0950432,-1.0872307,-0.9231682,-0.7200432,-0.5091057,-0.5481682,-0.6731682,-0.8762932,-1.0794182,-1.2044182,-1.1887932,-1.0247307,-0.8684807,-0.7825432
3.1862068,3.2096443,3.0690193,2.7174568,2.2955818,2.0533943,2.0924568,2.4596443,2.7487068,2.8346443,2.6862068,2.6237068,2.7408943,2.9830818,2.9752693,2.6237068,2.1549568,1.8815193,1.8893318,1.9049568,1.8346443,1.6471443,1.3971443,1.0846443,0.7018318,0.6237068,0.8971443,1.6627693,1.9283943,1.9127693,1.5846443,1.2018318,0.5612068,-0.5247307,-1.1809807,-1.6575432,-1.9544182,-2.3919182,-2.6575432,-2.5637932,-2.1966057,-1.7825432,-1.3919182,-1.0872307,-0.8528557,-0.7434807,-0.5559807,-0.39973068,-0.33723068,-0.5169182,-0.7747307,-1.0481682,-1.2825432,-1.3997307,-1.2825432,-1.0872307,-0.9309807,-0.9075432
2.6237068,2.6002693,2.5221443,2.3580818,2.1549568,2.0455818,2.0924568,2.3658943,2.6627693,2.9518318,2.9674568,2.8424568,2.5065193,2.3737068,2.4283943,2.8190193,2.6237068,2.2643318,1.8190193,1.7565193,1.7174568,1.5768318,1.3502693,1.1940193,1.2096443,1.1393318,1.1705818,1.4127693,1.4987068,1.5377693,1.5846443,1.1627693,0.38933182,-0.9153557,-1.6106682,-2.0325432,-2.1966057,-2.3059807,-2.3372307,-2.2512932,-2.0716057,-1.8294182,-1.4544182,-1.0169182,-0.6184807,-0.39973068,-0.28254318,-0.29035568,-0.5247307,-0.8762932,-1.1966057,-1.3137932,-1.3684807,-1.3606682,-1.2356682,-1.1262932,-1.0559807,-1.0637932
2.1158943,2.0768318,2.1002693,2.2252693,2.1315193,2.0143318,1.9283943,2.1705818,2.4908943,2.7799568,2.7096443,2.5065193,2.2565193,2.1393318,2.1002693,2.1158943,2.0768318,2.0143318,1.8971443,1.8033943,1.6940193,1.5846443,1.4049568,1.3268318,1.5221443,1.6393318,1.6940193,1.6393318,1.4518318,1.2408943,1.1158943,0.41276932,-0.5481682,-1.6887932,-2.2591057,-2.5169182,-2.3606682,-2.0872307,-1.8137932,-1.7512932,-1.7512932,-1.7278557,-1.4466057,-1.0403557,-0.6262932,-0.39191818,-0.35285568,-0.47004318,-0.9075432,-1.3059807,-1.5872307,-1.4622307,-1.3216057,-1.1966057,-1.1731682,-1.1966057,-1.2356682,-1.2356682
1.9205818,1.7330818,1.6862068,1.9908943,2.0690193,2.0221443,1.7721443,1.8033943,1.9440193,2.0924568,2.0768318,2.0377693,2.0612068,1.9908943,1.8658943,1.7408943,1.7096443,1.7174568,1.6783943,1.4908943,1.2174568,0.8971443,0.8112068,0.8971443,1.1471443,1.3190193,1.3658943,1.0924568,0.6862068,0.20964432,-0.36066818,-1.0716057,-1.7903557,-2.3762932,-2.6575432,-2.6966057,-2.2981682,-1.8450432,-1.4387932,-1.3528557,-1.4309807,-1.5559807,-1.4075432,-1.1341057,-0.8137932,-0.6731682,-0.7278557,-0.9309807,-1.4153557,-1.7044182,-1.7981682,-1.5091057,-1.3059807,-1.1887932,-1.2747307,-1.3684807,-1.4544182,-1.4231682
1.6393318,1.3971443,1.3033943,1.7252693,2.0924568,2.3112068,1.8893318,1.4987068,1.1549568,1.1393318,1.2565193,1.4596443,1.7330818,1.7877693,1.7330818,1.6940193,1.7096443,1.7330818,1.6862068,1.5612068,1.3971443,1.1627693,1.0221443,0.9674568,1.0846443,0.9752693,0.6315193,-0.13410568,-0.7356682,-1.1653557,-1.2747307,-1.4622307,-1.7356682,-2.2747307,-2.4856682,-2.4466057,-2.0481682,-1.7278557,-1.4856682,-1.3997307,-1.3997307,-1.4387932,-1.3841057,-1.2669182,-1.1262932,-0.9856682,-1.0794182,-1.3606682,-1.8137932,-1.9153557,-1.7044182,-1.3997307,-1.2356682,-1.1966057,-1.3450432,-1.5403557,-1.7747307,-1.7981682
1.1862068,1.2096443,1.3033943,1.7487068,2.2799568,2.7018318,2.1940193,1.5065193,0.8033943,0.6315193,0.7174568,0.9752693,1.3424568,1.5455818,1.6393318,1.6237068,1.5846443,1.5299568,1.4752693,1.3112068,1.0455818,0.5612068,0.20964432,-0.024730682,0.08464432,-0.13410568,-0.6184807,-1.2591057,-1.5637932,-1.5559807,-1.1966057,-1.0169182,-1.0091057,-1.6419182,-2.0559807,-2.2747307,-2.0481682,-1.9153557,-1.8294182,-1.6497307,-1.4856682,-1.3450432,-1.3372307,-1.3216057,-1.2981682,-1.1575432,-1.2591057,-1.6262932,-1.9387932,-1.9153557,-1.5169182,-1.2669182,-1.1887932,-1.2981682,-1.6419182,-1.9622307,-2.2200432,-2.0403557
1.1471443,1.3033943,1.4440193,1.9205818,2.3658943,2.6940193,2.1002693,1.4596443,0.8502693,0.6783943,0.6705818,0.7643318,0.9674568,1.1940193,1.4596443,1.5221443,1.5065193,1.4205818,1.2408943,0.7721443,-0.0012931824,-0.8450432,-1.3606682,-1.5325432,-1.4778557,-1.5403557,-1.6966057,-1.7825432,-1.6497307,-1.2981682,-0.9544182,-0.8059807,-0.8684807,-1.3997307,-1.9622307,-2.5247307,-2.5403557,-2.3528557,-1.9700432,-1.6653557,-1.4544182,-1.3294182,-1.2903557,-1.2434807,-1.1653557,-1.1341057,-1.3137932,-1.7591057,-1.8841057,-1.7669182,-1.3450432,-1.3450432,-1.5637932,-2.0247307,-2.2981682,-2.3919182,-2.2200432,-2.0637932
1.1002693,1.1783943,1.1315193,2.0299568,2.4752693,2.4830818,1.3815193,0.6158943,0.14714432,0.32683182,0.46745682,0.6158943,0.5612068,0.6627693,0.9283943,1.1627693,1.2643318,1.2174568,0.5299568,-0.47004318,-1.7903557,-2.4622307,-2.7591057,-2.6575432,-2.4466057,-2.2434807,-2.0559807,-1.9856682,-1.7903557,-1.4075432,-1.1419182,-1.1028557,-1.3919182,-1.9309807,-2.4075432,-2.7356682,-2.5169182,-2.1966057,-1.8450432,-1.7512932,-1.7044182,-1.6419182,-1.4309807,-1.1809807,-0.9231682,-1.0169182,-1.2669182,-1.6966057,-1.7278557,-1.6653557,-1.6419182,-2.0012932,-2.4309807,-2.7434807,-2.7200432,-2.5091057,-2.1184807,-2.0716057
1.0533943,1.0455818,1.1158943,1.9674568,2.4283943,2.4205818,1.2487068,0.18620682,-0.7356682,-0.7512932,-0.49348068,0.053394318,0.13933182,0.23308182,0.35026932,0.6393318,0.8190193,0.8346443,-0.21223068,-1.4856682,-2.9700432,-3.2512932,-3.1966057,-2.8450432,-2.5169182,-2.2669182,-2.1262932,-2.1184807,-2.0481682,-1.8294182,-1.7044182,-1.7825432,-2.1731682,-2.5169182,-2.6809807,-2.5325432,-2.2669182,-2.0559807,-2.0403557,-2.2200432,-2.3528557,-2.2981682,-1.8528557,-1.3528557,-0.9466057,-1.0637932,-1.3684807,-1.7825432,-1.9309807,-2.0794182,-2.4153557,-2.7434807,-2.9544182,-2.8841057,-2.6731682,-2.3841057,-1.9856682,-1.9075432
1.7721443,1.6158943,1.4908943,1.6315193,1.6705818,1.5768318,1.3424568,1.0221443,0.5299568,0.061206818,-0.19660568,-0.11848068,0.17058182,0.42839432,0.6393318,0.6862068,0.7018318,0.6783943,-0.12629318,-1.1887932,-2.4934807,-2.8528557,-2.9231682,-2.7278557,-2.5169182,-2.3372307,-2.2200432,-2.2356682,-2.2512932,-2.2356682,-2.2122307,-2.2669182,-2.5012932,-2.6262932,-2.6262932,-2.4231682,-2.3372307,-2.3372307,-2.4544182,-2.3997307,-2.2200432,-1.8841057,-1.5872307,-1.3841057,-1.3137932,-1.5481682,-1.9153557,-2.3137932,-2.5872307,-2.7903557,-2.9309807,-2.8919182,-2.7278557,-2.4466057,-2.2044182,-1.9622307,-1.5950432,-1.4856682
2.4596443,2.3346443,1.9596443,1.5533943,1.2565193,1.2096443,1.2018318,1.1471443,0.9752693,0.8033943,0.6705818,0.5690193,0.5221443,0.5299568,0.6549568,0.7174568,0.7408943,0.7018318,0.29558182,-0.32160568,-1.2122307,-1.9387932,-2.5325432,-2.8606682,-2.9075432,-2.8059807,-2.4778557,-2.3684807,-2.3450432,-2.4231682,-2.3919182,-2.3684807,-2.5247307,-2.6341057,-2.6575432,-2.4153557,-2.2278557,-2.0559807,-1.9309807,-1.8450432,-1.8372307,-2.0169182,-2.1653557,-2.2669182,-2.1419182,-2.1653557,-2.2825432,-2.4856682,-2.5716057,-2.5794182,-2.5247307,-2.3997307,-2.2044182,-1.9309807,-1.7044182,-1.4934807,-1.2200432,-1.1341057
2.4518318,2.3815193,2.0299568,1.3502693,0.6862068,0.20964432,0.20183182,0.38933182,0.7799568,1.0612068,1.2018318,0.9987068,0.7643318,0.5846443,0.6158943,0.7799568,0.9283943,0.8112068,0.44401932,-0.024730682,-0.5872307,-1.3372307,-2.1497307,-2.9153557,-3.2278557,-3.2200432,-2.6809807,-2.4856682,-2.5012932,-2.6262932,-2.4856682,-2.2356682,-2.2044182,-2.2669182,-2.3684807,-2.2669182,-2.1184807,-1.9387932,-1.8606682,-1.9544182,-2.1809807,-2.3450432,-2.3294182,-2.1809807,-2.1028557,-2.1184807,-2.1887932,-2.1966057,-2.1653557,-2.1106682,-2.1184807,-2.0481682,-1.8997307,-1.7044182,-1.5091057,-1.3294182,-1.2278557,-1.1966057
2.0065193,1.9283943,1.6002693,0.7643318,-0.14191818,-0.7825432,-0.5794182,0.022144318,0.9362068,1.4283943,1.5455818,0.9283943,0.42058182,0.053394318,0.09245682,0.29558182,0.5065193,0.42839432,0.17839432,-0.18098068,-0.6809807,-1.3762932,-2.1731682,-2.9387932,-3.1575432,-2.9934807,-2.3684807,-2.2981682,-2.5872307,-2.7356682,-2.4934807,-2.0169182,-1.7747307,-1.7591057,-1.9231682,-2.1341057,-2.2356682,-2.2512932,-2.1887932,-2.2434807,-2.3762932,-2.3372307,-2.2434807,-2.1106682,-1.8841057,-1.7669182,-1.7825432,-1.9075432,-1.9778557,-1.9778557,-1.9856682,-1.9075432,-1.7356682,-1.5403557,-1.4075432,-1.3684807,-1.4231682,-1.3997307
1.6627693,1.6783943,1.3190193,0.5533943,-0.28254318,-0.7669182,-0.5091057,0.15495682,1.1627693,1.6315193,1.7018318,1.0768318,0.7408943,0.5533943,0.30339432,0.10026932,-0.040355682,0.14714432,0.17058182,0.061206818,-0.38410568,-0.9622307,-1.6419182,-2.4778557,-2.6497307,-2.2981682,-1.5559807,-1.5091057,-2.0403557,-2.2122307,-2.0794182,-1.7044182,-1.6184807,-1.6262932,-1.6966057,-1.9075432,-2.0794182,-2.2278557,-2.1966057,-2.1809807,-2.1653557,-2.0169182,-1.8372307,-1.6419182,-1.4231682,-1.3372307,-1.4466057,-1.5403557,-1.5481682,-1.4075432,-1.4544182,-1.5091057,-1.5091057,-1.3762932,-1.2903557,-1.3216057,-1.2356682,-1.0403557
1.6237068,1.7487068,1.4596443,1.0065193,0.5143318,0.15495682,0.16276932,0.41276932,1.0299568,1.3502693,1.4674568,1.2721443,1.2408943,1.2799568,0.9674568,0.6783943,0.40495682,0.34245682,0.16276932,-0.10285568,-0.29816818,-0.47785568,-0.6184807,-1.5091057,-1.9387932,-1.9231682,-1.2981682,-1.1966057,-1.6809807,-1.7512932,-1.7122307,-1.5637932,-1.7434807,-1.7903557,-1.6419182,-1.4778557,-1.4231682,-1.5012932,-1.6419182,-1.7747307,-1.8919182,-1.7591057,-1.5169182,-1.1575432,-0.9153557,-0.8216057,-1.0012932,-1.0481682,-1.0559807,-1.0325432,-1.1887932,-1.3450432,-1.3606682,-1.2669182,-1.1575432,-1.1028557,-0.8684807,-0.5169182
