wind-global.json
{"header": { "discipline":0, "disciplineName":"Meteorological products", "gribEdition":2, "gribLength":51317, "center":7, "centerName":"US National Weather Service - NCEP(WMC)", "subcenter":0, "refTime":"2021-06-24T00:00:00.000Z", "significanceOfRT":1, "significanceOfRTName":"Start of forecast", "productStatus":0, "productStatusName":"Operational products", "productType":2, "productTypeName":"Analysis and Forecast products", "productDefinitionTemplate":0, "productDefinitionTemplateName":"Analysis/forecast at horizontal level/layer at a point in time", "parameterCategory":2, "parameterCategoryName":"Momentum", "parameterNumber":3, "parameterNumberName":"V-component_of_wind", "parameterUnit":"m.s-1", "genProcessType":0, "genProcessTypeName":"Analysis", "forecastTime":56, "surface1Type":103, "surface1TypeName":"Specified height level above ground", "surface1Value":10.0, "surface2Type":255, "surface2TypeName":"Missing", "surface2Value":-9.999E-252, "gridDefinitionTemplate":0, "gridDefinitionTemplateName":"Latitude_Longitude", "numberPoints":37191, "shape":0, "shapeName":"Earth spherical with radius = 6,367,470 m", "gridUnits":"degrees", "resolution":48, "winds":"true", "scanMode":64, "nx":231, "ny":161, "basicAngle":0, "lo1":358.75003, "la1":39.25, "lo2":4.5, "la2":43.25, "dx":0.025, "dy":0.025 }, "data":
[rows 26 to 51 of 161, columns 58 to 115 of 231]
4.079859,4.1189213,4.1345463,4.126734,4.0407963,3.9470463,3.8298588,3.6736088,3.5329838,3.3845463,3.2517338,3.1189213,2.9782963,2.8298588,2.6892338,2.5720463,2.5095463,2.4626713,2.3923588,2.2751713,2.1267338,1.9939213,1.8767338,1.7986088,1.7595463,1.7361088,1.7204838,1.6814213,1.6189213,1.5173588,1.3923588,1.2751713,1.1814213,1.1189213,1.0564213,0.9939213,0.9079838,0.8220463,0.7517338,0.7126713,0.6814213,0.6423588,0.5720463,0.5017338,0.44704628,0.41579628,0.36892128,0.31423378,0.25954628,0.21267128,0.14235878,0.07204628,-0.00607872,-0.08420372,-0.16232872,-0.24045372,-0.32639122,-0.42014122
4.1657963,4.189234,4.1814213,4.1345463,4.0251713,3.9079838,3.7829838,3.6345463,3.4939213,3.3611088,3.2282963,3.1032963,2.9861088,2.8767338,2.7986088,2.7361088,2.6970463,2.6267338,2.5173588,2.3845463,2.2439213,2.1267338,2.0329838,1.9861088,1.9548588,1.9314213,1.9079838,1.8689213,1.7986088,1.6892338,1.5564213,1.4314213,1.3220463,1.2439213,1.1736088,1.1189213,1.0407963,0.9626713,0.8923588,0.8454838,0.8142338,0.7751713,0.6970463,0.6111088,0.5329838,0.48610878,0.47048378,0.43923378,0.40017128,0.35329628,0.31423378,0.28298378,0.19704628,0.07985878,-0.04514122,-0.16232872,-0.25607872,-0.34982872
4.189234,4.173609,4.142359,4.0876713,3.9861088,3.8767338,3.7517338,3.6111088,3.4782963,3.3454838,3.2282963,3.1267338,3.0486088,3.0095463,2.9782963,2.9470463,2.8923588,2.7907963,2.6657963,2.5251713,2.4001713,2.2907963,2.2048588,2.1579838,2.1189213,2.0876713,2.0564213,2.0095463,1.9392338,1.8454838,1.7204838,1.5876713,1.4548588,1.3611088,1.2907963,1.2439213,1.1892338,1.1267338,1.0564213,1.0095463,0.9704838,0.9314213,0.8454838,0.7517338,0.6657963,0.6032963,0.5876713,0.5720463,0.5564213,0.5251713,0.48610878,0.43142128,0.32204628,0.19704628,0.04860878,-0.08420372,-0.18576622,-0.27951622
4.1814213,4.142359,4.1032963,4.048609,3.9548588,3.8454838,3.7204838,3.5876713,3.4704838,3.3611088,3.2907963,3.2361088,3.2126713,3.2126713,3.1970463,3.1579838,3.0798588,2.9548588,2.8220463,2.6814213,2.5642338,2.4704838,2.3923588,2.3454838,2.2986088,2.2517338,2.1970463,2.1423588,2.0798588,2.0017338,1.8845463,1.7517338,1.6189213,1.5329838,1.4626713,1.4236088,1.3845463,1.3298588,1.2673588,1.2126713,1.1657963,1.1267338,1.0486088,0.9626713,0.8689213,0.7907963,0.7361088,0.7048588,0.6892338,0.6501713,0.5954838,0.5095463,0.39235878,0.26735878,0.13454628,0.01735878,-0.07639122,-0.16232872
4.2126713,4.1814213,4.126734,4.032984,3.9157963,3.7907963,3.6736088,3.5798588,3.5095463,3.4626713,3.4470463,3.4548588,3.4626713,3.4470463,3.4001713,3.3220463,3.2126713,3.0798588,2.9470463,2.8298588,2.7439213,2.6736088,2.6345463,2.5798588,2.5251713,2.4548588,2.3845463,2.3220463,2.2595463,2.1814213,2.0720463,1.9470463,1.8298588,1.7439213,1.6814213,1.6579838,1.6189213,1.5720463,1.5095463,1.4392338,1.3923588,1.3532963,1.2751713,1.1814213,1.0720463,0.9626713,0.8845463,0.8220463,0.7829838,0.7204838,0.6423588,0.5564213,0.44704628,0.34548378,0.24392128,0.15798378,0.06423378,-0.02951622
4.392359,4.3220463,4.2126713,4.0564213,3.8923588,3.7595463,3.6579838,3.6267338,3.6267338,3.6501713,3.6814213,3.6970463,3.6814213,3.6345463,3.5564213,3.4626713,3.3376713,3.2126713,3.1111088,3.0173588,2.9782963,2.9548588,2.9470463,2.8923588,2.8142338,2.7126713,2.6111088,2.5173588,2.4392338,2.3611088,2.2673588,2.1579838,2.0486088,1.9704838,1.9236088,1.9079838,1.8767338,1.8298588,1.7517338,1.6736088,1.6111088,1.5486088,1.4626713,1.3454838,1.2126713,1.0954838,0.9939213,0.9079838,0.8376713,0.7595463,0.6970463,0.6345463,0.5486088,0.47048378,0.40017128,0.31423378,0.22048378,0.10329628
4.6345463,4.486109,4.2907963,4.064234,3.8923588,3.7673588,3.7204838,3.7439213,3.7986088,3.8767338,3.9157963,3.9079838,3.8689213,3.7829838,3.6892338,3.5876713,3.4782963,3.3923588,3.3298588,3.2986088,3.2907963,3.2751713,3.2439213,3.1657963,3.0564213,2.9157963,2.7829838,2.6657963,2.5720463,2.5095463,2.4314213,2.3532963,2.2517338,2.1892338,2.1423588,2.1267338,2.0954838,2.0407963,1.9626713,1.8611088,1.7673588,1.6814213,1.5720463,1.4470463,1.3064213,1.1736088,1.0564213,0.9626713,0.8767338,0.8220463,0.7829838,0.7673588,0.7204838,0.6579838,0.5798588,0.46267128,0.33767128,0.21267128
4.7595463,4.548609,4.3064213,4.079859,3.9314213,3.8454838,3.8376713,3.9079838,3.9939213,4.0720463,4.0876713,4.0564213,3.9861088,3.8923588,3.8064213,3.7204838,3.6579838,3.6267338,3.6189213,3.6189213,3.5954838,3.5407963,3.4392338,3.3142338,3.1657963,2.9939213,2.8532963,2.7439213,2.6579838,2.6189213,2.5642338,2.5017338,2.4314213,2.3767338,2.3298588,2.3064213,2.2595463,2.1970463,2.0876713,1.9548588,1.8298588,1.7282963,1.6267338,1.5017338,1.3532963,1.2048588,1.0954838,1.0173588,0.9704838,0.9392338,0.9236088,0.9314213,0.9079838,0.8454838,0.7361088,0.5876713,0.44704628,0.30642128
4.704859,4.486109,4.267359,4.1032963,4.0095463,3.9626713,3.9861088,4.079859,4.157984,4.2126713,4.189234,4.1345463,4.0564213,3.9704838,3.9079838,3.8689213,3.8767338,3.8845463,3.8923588,3.8611088,3.7751713,3.6657963,3.5017338,3.3376713,3.1657963,3.0017338,2.8845463,2.8064213,2.7517338,2.7204838,2.6814213,2.6501713,2.6032963,2.5564213,2.5017338,2.4470463,2.3689213,2.2673588,2.1267338,1.9861088,1.8611088,1.7595463,1.6579838,1.5329838,1.3845463,1.2439213,1.1579838,1.1189213,1.1189213,1.1032963,1.0876713,1.0876713,1.0564213,0.9939213,0.8454838,0.6892338,0.5329838,0.37673378
4.5564213,4.4001713,4.220484,4.142359,4.095484,4.0876713,4.126734,4.1970463,4.2595463,4.282984,4.236109,4.173609,4.1032963,4.0564213,4.032984,4.0407963,4.0876713,4.095484,4.064234,3.9626713,3.8298588,3.6657963,3.4861088,3.3142338,3.1501713,3.0173588,2.9392338,2.8845463,2.8532963,2.8454838,2.8376713,2.8298588,2.7829838,2.7282963,2.6501713,2.5486088,2.4314213,2.2986088,2.1501713,2.0251713,1.9001713,1.7829838,1.6736088,1.5642338,1.4548588,1.3454838,1.2751713,1.2282963,1.1970463,1.1736088,1.1579838,1.1736088,1.1579838,1.0954838,0.9548588,0.7907963,0.6189213,0.44704628
4.4782963,4.4157963,4.236109,4.1970463,4.173609,4.173609,4.2126713,4.267359,4.298609,4.298609,4.251734,4.204859,4.1657963,4.157984,4.173609,4.220484,4.236109,4.1970463,4.1032963,3.9548588,3.7907963,3.6267338,3.4626713,3.3142338,3.1814213,3.0954838,3.0486088,3.0173588,3.0017338,3.0095463,3.0095463,2.9939213,2.9236088,2.8298588,2.7204838,2.5876713,2.4626713,2.3376713,2.2204838,2.0954838,1.9626713,1.8376713,1.7517338,1.6736088,1.6032963,1.5095463,1.4079838,1.2986088,1.2048588,1.1579838,1.1501713,1.1970463,1.2048588,1.1736088,1.0642338,0.9079838,0.7282963,0.5407963
4.1345463,4.345484,4.282984,4.1970463,4.173609,4.189234,4.251734,4.282984,4.298609,4.2907963,4.2751713,4.2595463,4.2595463,4.2751713,4.298609,4.3376713,4.282984,4.189234,4.0564213,3.9079838,3.7517338,3.6032963,3.4782963,3.3767338,3.2986088,3.2439213,3.2204838,3.2048588,3.1970463,3.1736088,3.1345463,3.0720463,2.9704838,2.8532963,2.7282963,2.6189213,2.5173588,2.4236088,2.2986088,2.1736088,2.0486088,1.9548588,1.8845463,1.8298588,1.7595463,1.6657963,1.5642338,1.4470463,1.3454838,1.2673588,1.2204838,1.1970463,1.1892338,1.1970463,1.1579838,1.0407963,0.8767338,0.6814213
3.3298588,3.6657963,3.9470463,4.0095463,4.079859,4.1657963,4.2595463,4.3064213,4.329859,4.329859,4.329859,4.345484,4.3689213,4.4001713,4.407984,4.3845463,4.2751713,4.157984,4.0251713,3.8845463,3.7595463,3.6423588,3.5642338,3.5095463,3.4704838,3.4470463,3.4314213,3.4079838,3.3611088,3.2751713,3.1736088,3.0486088,2.9236088,2.8220463,2.7282963,2.6657963,2.5954838,2.5095463,2.3923588,2.2829838,2.1814213,2.1345463,2.0798588,2.0173588,1.9470463,1.8454838,1.7361088,1.6267338,1.5407963,1.4470463,1.3532963,1.2673588,1.2204838,1.2126713,1.2048588,1.1345463,1.0095463,0.8142338
2.8532963,2.8532963,2.8689213,3.4548588,3.8611088,4.126734,4.314234,4.4157963,4.454859,4.4470463,4.4470463,4.454859,4.470484,4.4939213,4.486109,4.407984,4.2907963,4.1657963,4.0564213,3.9314213,3.8298588,3.7517338,3.6970463,3.6657963,3.6423588,3.6267338,3.5798588,3.5095463,3.4001713,3.2517338,3.0954838,2.9626713,2.8611088,2.7986088,2.7595463,2.7282963,2.6736088,2.6032963,2.5173588,2.4470463,2.3845463,2.3454838,2.2829838,2.2126713,2.1267338,2.0173588,1.9001713,1.7751713,1.6814213,1.5876713,1.4782963,1.3689213,1.2907963,1.2361088,1.2048588,1.1423588,1.0407963,0.9001713
2.6814213,2.6189213,2.4626713,3.2282963,3.7282963,4.0251713,4.392359,4.5720463,4.626734,4.564234,4.548609,4.5407963,4.564234,4.579859,4.548609,4.454859,4.3376713,4.220484,4.111109,4.017359,3.9470463,3.8923588,3.8532963,3.8064213,3.7517338,3.6814213,3.5720463,3.4470463,3.2907963,3.1267338,2.9861088,2.9079838,2.8767338,2.8532963,2.8376713,2.8142338,2.7829838,2.7439213,2.7048588,2.6657963,2.6111088,2.5486088,2.4782963,2.4001713,2.2986088,2.1657963,2.0173588,1.8767338,1.7751713,1.6814213,1.5720463,1.4626713,1.3611088,1.2751713,1.1970463,1.1267338,1.0564213,0.9939213
2.5720463,2.7595463,2.9861088,3.4626713,3.6970463,3.7673588,4.4314213,4.7126713,4.7282963,4.6657963,4.6501713,4.6657963,4.7126713,4.6970463,4.626734,4.486109,4.361109,4.2595463,4.1814213,4.1189213,4.0720463,4.032984,3.9626713,3.8689213,3.7361088,3.5954838,3.4314213,3.2673588,3.1267338,3.0329838,2.9782963,2.9861088,2.9861088,2.9782963,2.9626713,2.9548588,2.9470463,2.9548588,2.9236088,2.8767338,2.7986088,2.7048588,2.6189213,2.5407963,2.4157963,2.2595463,2.0954838,1.9626713,1.8611088,1.7595463,1.6423588,1.5329838,1.4314213,1.3376713,1.2439213,1.1736088,1.1267338,1.0642338
2.5642338,2.8611088,3.2986088,3.5173588,3.5876713,3.5642338,4.3532963,4.7282963,4.8220463,4.767359,4.782984,4.829859,4.861109,4.782984,4.642359,4.454859,4.329859,4.2439213,4.1970463,4.173609,4.1345463,4.095484,3.9704838,3.8142338,3.6267338,3.4470463,3.2829838,3.1501713,3.0954838,3.0954838,3.1267338,3.1657963,3.1892338,3.1892338,3.1736088,3.1657963,3.1579838,3.1501713,3.0876713,2.9939213,2.8767338,2.7829838,2.6970463,2.6111088,2.4704838,2.3064213,2.1501713,2.0486088,1.9470463,1.8376713,1.7048588,1.5876713,1.4861088,1.3923588,1.3220463,1.2673588,1.2282963,1.1189213
2.7439213,2.9079838,3.0798588,3.1814213,3.2907963,3.4392338,3.9548588,4.423609,4.8376713,4.892359,4.939234,4.9626713,4.923609,4.767359,4.564234,4.361109,4.236109,4.1657963,4.142359,4.126734,4.095484,4.0251713,3.8845463,3.7204838,3.5486088,3.4001713,3.3064213,3.2595463,3.2907963,3.3454838,3.4079838,3.4548588,3.4626713,3.4392338,3.3923588,3.3454838,3.2907963,3.2204838,3.1032963,2.9861088,2.8767338,2.8064213,2.7204838,2.6267338,2.4704838,2.3298588,2.2126713,2.1345463,2.0251713,1.9001713,1.7595463,1.6267338,1.5095463,1.4157963,1.3611088,1.3142338,1.2673588,1.1423588
3.0720463,3.0720463,2.9236088,2.8767338,2.9548588,3.1892338,3.3689213,3.8142338,4.4782963,4.892359,5.032984,4.9626713,4.8064213,4.595484,4.3689213,4.204859,4.095484,4.032984,4.032984,4.0251713,3.9939213,3.9157963,3.8142338,3.7126713,3.6032963,3.5407963,3.5095463,3.5251713,3.5798588,3.6345463,3.6736088,3.6892338,3.6501713,3.5798588,3.4782963,3.3767338,3.2751713,3.1501713,3.0407963,2.9548588,2.9001713,2.8220463,2.7204838,2.5954838,2.4548588,2.3611088,2.2907963,2.1970463,2.0798588,1.9392338,1.7907963,1.6579838,1.5407963,1.4548588,1.3923588,1.3376713,1.2751713,1.1736088
3.2986088,3.3532963,3.1736088,3.0017338,2.8767338,2.8142338,2.9079838,3.2048588,3.6892338,4.6657963,4.970484,4.7751713,4.5095463,4.282984,4.1032963,3.9939213,3.9392338,3.9157963,3.9548588,3.9548588,3.9392338,3.9001713,3.8532963,3.8142338,3.7673588,3.7517338,3.7517338,3.7673588,3.7907963,3.7986088,3.7907963,3.7282963,3.6423588,3.5407963,3.4314213,3.3064213,3.1892338,3.0876713,3.0407963,3.0017338,2.9548588,2.8376713,2.6970463,2.5486088,2.4470463,2.3845463,2.3376713,2.2282963,2.1032963,1.9704838,1.8298588,1.7126713,1.6267338,1.5642338,1.4939213,1.4157963,1.3298588,1.2439213
3.0954838,3.4079838,3.3298588,3.2282963,3.0407963,2.7282963,2.7517338,2.8298588,2.9704838,4.2907963,4.736109,4.439234,4.095484,3.9079838,3.8298588,3.7986088,3.8298588,3.8845463,3.9704838,4.001734,4.0095463,3.9861088,3.9626713,3.9314213,3.9079838,3.8923588,3.8689213,3.8454838,3.8142338,3.7673588,3.7048588,3.6267338,3.5407963,3.4548588,3.3532963,3.2517338,3.1736088,3.1345463,3.1267338,3.0954838,2.9939213,2.8298588,2.6736088,2.5251713,2.4704838,2.4236088,2.3845463,2.2595463,2.1345463,2.0095463,1.9079838,1.8298588,1.7751713,1.7361088,1.6579838,1.5642338,1.4470463,1.3376713
2.4470463,2.8064213,2.6423588,2.6736088,2.7048588,2.6579838,2.6032963,2.6267338,2.7439213,3.8611088,4.267359,3.9939213,3.6501713,3.5407963,3.6032963,3.7048588,3.8376713,3.9782963,4.095484,4.126734,4.1189213,4.079859,4.017359,3.9704838,3.9314213,3.8845463,3.8220463,3.7517338,3.6814213,3.6189213,3.5564213,3.5173588,3.4782963,3.4236088,3.3376713,3.2673588,3.2361088,3.2517338,3.2282963,3.1501713,3.0017338,2.8220463,2.6736088,2.5720463,2.5407963,2.5017338,2.4470463,2.3298588,2.2126713,2.1111088,2.0407963,1.9861088,1.9470463,1.8767338,1.7907963,1.6814213,1.5407963,1.4157963
2.1267338,2.2439213,2.1579838,2.2595463,2.3689213,2.4157963,2.3689213,2.3689213,2.4548588,3.0798588,3.4001713,3.3611088,3.2126713,3.2673588,3.4939213,3.7595463,3.9782963,4.1501713,4.220484,4.189234,4.1189213,4.032984,3.9470463,3.8767338,3.8220463,3.7517338,3.6736088,3.5876713,3.5407963,3.5095463,3.5017338,3.5173588,3.5017338,3.4626713,3.3923588,3.3532963,3.3454838,3.3532963,3.2751713,3.1579838,2.9704838,2.8298588,2.7282963,2.6892338,2.6814213,2.6501713,2.5720463,2.4548588,2.3454838,2.2439213,2.1736088,2.1032963,2.0329838,1.9314213,1.8142338,1.6814213,1.5642338,1.4314213
2.2126713,2.3376713,2.5407963,2.5486088,2.3845463,1.9548588,1.8064213,1.8532963,2.1579838,2.5017338,2.6814213,2.6657963,2.6345463,2.9704838,3.6111088,3.8845463,4.0876713,4.220484,4.1657963,4.064234,3.9392338,3.8376713,3.7517338,3.6814213,3.6345463,3.5876713,3.5407963,3.5095463,3.5251713,3.5564213,3.5954838,3.6111088,3.5798588,3.5095463,3.4704838,3.4470463,3.4392338,3.3845463,3.2751713,3.1345463,3.0017338,2.9157963,2.8767338,2.8845463,2.8611088,2.8064213,2.6970463,2.5642338,2.4392338,2.3376713,2.2517338,2.1501713,2.0486088,1.9001713,1.7517338,1.6111088,1.5329838,1.4157963
2.1657963,2.3220463,2.5407963,2.3298588,1.9157963,1.4392338,1.4001713,1.5876713,2.0017338,2.3923588,2.5017338,2.2361088,1.5329838,1.5876713,2.4626713,3.4782963,4.001734,4.095484,3.9470463,3.7907963,3.6345463,3.5486088,3.5017338,3.4782963,3.5017338,3.5251713,3.5564213,3.6111088,3.6736088,3.7204838,3.7439213,3.6892338,3.6189213,3.5329838,3.5173588,3.5095463,3.4861088,3.3845463,3.2907963,3.1970463,3.1423588,3.1267338,3.1189213,3.1032963,3.0251713,2.9079838,2.7673588,2.6111088,2.4704838,2.3611088,2.2673588,2.1501713,2.0173588,1.8454838,1.7048588,1.6032963,1.5329838,1.4079838
1.9861088,1.9157963,1.9236088,1.6814213,1.3923588,1.2595463,1.3845463,1.6345463,2.0095463,2.4001713,2.5329838,2.2361088,1.1814213,0.5876713,0.6111088,2.4314213,3.4939213,3.8220463,3.6736088,3.5486088,3.4548588,3.4157963,3.4079838,3.4392338,3.5329838,3.6501713,3.7673588,3.8611088,3.8767338,3.8454838,3.7673588,3.6423588,3.5564213,3.5251713,3.5407963,3.5329838,3.4939213,3.4392338,3.4001713,3.3845463,3.3923588,3.3767338,3.3376713,3.2439213,3.0954838,2.9314213,2.7595463,2.5954838,2.4470463,2.3454838,2.2439213,2.1267338,1.9782963,1.8454838,1.7517338,1.6970463,1.6032963,1.4704838
