wind-global.json
{"header": { "discipline":0, "disciplineName":"Meteorological products", "gribEdition":2, "gribLength":24793, "center":78, "centerName":"ICON-EU2", "subcenter":255, "refTime":"2021-06-22T00:00:00.000Z", "significanceOfRT":1, "significanceOfRTName":"Start of forecast", "productStatus":0, "productStatusName":"Operational products", "productType":1, "productTypeName":"Forecast products", "productDefinitionTemplate":0, "productDefinitionTemplateName":"Analysis/forecast at horizontal level/layer at a point in time", "parameterCategory":2, "parameterCategoryName":"Momentum", "parameterNumber":2, "parameterNumberName":"U-component_of_wind", "parameterUnit":"m.s-1", "genProcessType":2, "genProcessTypeName":"Forecast", "forecastTime":6120, "surface1Type":103, "surface1TypeName":"Specified height level above ground", "surface1Value":10.0, "surface2Type":255, "surface2TypeName":"Missing", "surface2Value":-9.999E-252, "gridDefinitionTemplate":0, "gridDefinitionTemplateName":"Latitude_Longitude", "numberPoints":16929, "shape":6, "shapeName":"Earth spherical with radius of 6,371,229.0 m", "gridUnits":"degrees", "resolution":48, "winds":"true", "scanMode":64, "nx":209, "ny":81, "basicAngle":0, "lo1":0.0, "la1":40.0, "lo2":13.0, "la2":45.0, "dx":0.0625, "dy":0.0625 }, "data":
[rows 0 to 24 of 81, columns 58 to 115 of 209]
-0.06060791,-0.19000244,-0.6616821,-1.0274048,-0.9595337,-0.88287354,-0.4961548,-0.12408447,0.28997803,0.9579468,0.80999756,0.19720459,-0.4199829,-0.8701782,-0.9414673,-0.881897,-0.86968994,-0.8526001,-0.8423462,-0.84625244,-0.866272,-0.89556885,-0.92974854,-0.97662354,-1.0371704,-1.1084595,-1.1973267,-1.2798462,-1.3701782,-1.447815,-1.5239868,-1.6079712,-1.6929321,-1.7695923,-1.8379517,-1.9058228,-1.9898071,-2.08844,-2.194397,-2.2993774,-2.3804321,-2.4360962,-2.46344,-2.472229,-2.4649048,-2.4468384,-2.406311,-2.356018,-2.3120728,-2.2817993,-2.2490845,-2.2398071,-2.2407837,-2.248108,-2.2515259,-2.2549438,-2.2666626,-2.296936
0.062438965,0.07513428,-0.18560791,-0.6206665,-0.569397,-0.41900635,-0.2354126,-0.007873535,0.3925171,0.56536865,0.18988037,-0.11578369,-0.5147095,-0.6387329,-0.6885376,-0.72662354,-0.73638916,-0.73394775,-0.7300415,-0.737854,-0.7554321,-0.7817993,-0.8179321,-0.866272,-0.92974854,-1.0093384,-1.0947876,-1.187561,-1.2754517,-1.3442993,-1.3960571,-1.4526978,-1.5288696,-1.5977173,-1.6567993,-1.7227173,-1.8076782,-1.9209595,-2.0459595,-2.1651,-2.2642212,-2.3223267,-2.3550415,-2.3599243,-2.3530884,-2.326233,-2.2681274,-2.1831665,-2.1026,-2.0474243,-2.015686,-2.0049438,-2.0171509,-2.0317993,-2.0386353,-2.041565,-2.0698853,-2.121643
0.21282959,0.28118896,0.1762085,-0.105041504,-0.16607666,-0.057678223,0.0072631836,0.04437256,0.11419678,0.12835693,-0.062561035,-0.20172119,-0.38336182,-0.4805298,-0.5796509,-0.6343384,-0.67193604,-0.6773071,-0.6851196,-0.6851196,-0.6968384,-0.71099854,-0.7402954,-0.784729,-0.84625244,-0.9234009,-1.006897,-1.0977173,-1.1690063,-1.2319946,-1.2730103,-1.30719,-1.3613892,-1.4224243,-1.475647,-1.5288696,-1.6138306,-1.7368774,-1.8799438,-2.0254517,-2.138733,-2.2163696,-2.2510376,-2.2681274,-2.277893,-2.25885,-2.1870728,-2.0718384,-1.944397,-1.8330688,-1.7676392,-1.750061,-1.760315,-1.7764282,-1.781311,-1.8110962,-1.8555298,-1.9277954
0.36419678,0.48382568,0.449646,0.36712646,0.2514038,0.20257568,0.17523193,0.13812256,0.08880615,0.04437256,-0.058654785,-0.15045166,-0.26812744,-0.38287354,-0.5064087,-0.59332275,-0.6470337,-0.6592407,-0.6675415,-0.663147,-0.6651001,-0.6670532,-0.6851196,-0.7217407,-0.7720337,-0.8320923,-0.8970337,-0.96588135,-1.0391235,-1.0957642,-1.1279907,-1.1577759,-1.1968384,-1.2437134,-1.2910767,-1.3423462,-1.4248657,-1.5508423,-1.7090454,-1.8711548,-2.0039673,-2.0947876,-2.1397095,-2.159729,-2.1621704,-2.1616821,-2.1079712,-1.9868774,-1.8413696,-1.7026978,-1.5952759,-1.5420532,-1.5161743,-1.5195923,-1.5332642,-1.5591431,-1.6187134,-1.7036743
0.4335327,0.5985718,0.61273193,0.5350952,0.4467163,0.37786865,0.3143921,0.2592163,0.19232178,0.117614746,0.08099365,-0.027404785,-0.11383057,-0.25494385,-0.3970337,-0.50787354,-0.56988525,-0.5952759,-0.59576416,-0.59332275,-0.5977173,-0.60162354,-0.6187134,-0.647522,-0.6860962,-0.73394775,-0.78912354,-0.85113525,-0.90631104,-0.9390259,-0.9692993,-0.9873657,-1.0239868,-1.0713501,-1.1109009,-1.1548462,-1.2339478,-1.359436,-1.5234985,-1.6973267,-1.8462524,-1.9507446,-2.0064087,-2.0230103,-2.02594,-1.9995728,-1.9707642,-1.8731079,-1.7349243,-1.5840454,-1.46344,-1.3770142,-1.3267212,-1.2993774,-1.3150024,-1.3369751,-1.3994751,-1.491272
0.5048218,0.7040405,0.7435913,0.69036865,0.6112671,0.5438843,0.47747803,0.4154663,0.35150146,0.29779053,0.22894287,0.15130615,0.039978027,-0.10015869,-0.25054932,-0.38043213,-0.45806885,-0.4932251,-0.50738525,-0.5108032,-0.5117798,-0.522522,-0.53912354,-0.5606079,-0.5918579,-0.63238525,-0.67681885,-0.7324829,-0.76568604,-0.7901001,-0.79156494,-0.8101196,-0.8584595,-0.9024048,-0.9385376,-0.97662354,-1.0454712,-1.1655884,-1.3272095,-1.5029907,-1.6602173,-1.772522,-1.83844,-1.8574829,-1.8501587,-1.8164673,-1.7720337,-1.7129517,-1.5982056,-1.4546509,-1.3272095,-1.225647,-1.1543579,-1.1201782,-1.1118774,-1.15094,-1.1983032,-1.2944946
0.58099365,0.8031616,0.8632202,0.8383179,0.78460693,0.7260132,0.6688843,0.61273193,0.5560913,0.4935913,0.42669678,0.3348999,0.22161865,0.074645996,-0.08355713,-0.22955322,-0.33355713,-0.39068604,-0.41461182,-0.42095947,-0.42388916,-0.43170166,-0.4434204,-0.4644165,-0.48931885,-0.5249634,-0.55963135,-0.59381104,-0.6152954,-0.62701416,-0.62457275,-0.64312744,-0.69537354,-0.7461548,-0.7744751,-0.8086548,-0.86920166,-0.97906494,-1.1309204,-1.2979126,-1.4507446,-1.5674438,-1.6358032,-1.6646118,-1.6524048,-1.616272,-1.550354,-1.4829712,-1.4067993,-1.3032837,-1.1870728,-1.085022,-1.0054321,-0.956604,-0.93463135,-0.95025635,-1.0064087,-1.0928345
0.68499756,0.8925171,0.99554443,0.99261475,0.96136475,0.9164429,0.868103,0.82366943,0.7728882,0.7098999,0.6317749,0.5228882,0.39788818,0.24798584,0.0770874,-0.08258057,-0.20758057,-0.28326416,-0.31207275,-0.31793213,-0.315979,-0.3184204,-0.32330322,-0.33648682,-0.3579712,-0.38482666,-0.41607666,-0.43511963,-0.44781494,-0.44293213,-0.4414673,-0.48736572,-0.5498657,-0.5967407,-0.6314087,-0.6577759,-0.70806885,-0.79888916,-0.93170166,-1.0855103,-1.2280884,-1.3433228,-1.4175415,-1.4507446,-1.447815,-1.4067993,-1.3423462,-1.2525024,-1.1758423,-1.1055298,-1.015686,-0.9248657,-0.8501587,-0.7901001,-0.7593384,-0.75494385,-0.80181885,-0.8706665
0.78656006,1.0150757,1.1200562,1.1566772,1.1454468,1.1107788,1.0702515,1.0267944,0.9730835,0.9032593,0.80999756,0.69085693,0.5541382,0.40374756,0.23626709,0.066345215,-0.070373535,-0.15631104,-0.19049072,-0.190979,-0.17974854,-0.17095947,-0.16656494,-0.17144775,-0.190979,-0.20465088,-0.22906494,-0.23248291,-0.24664307,-0.253479,-0.29156494,-0.35601807,-0.42340088,-0.4746704,-0.5059204,-0.52838135,-0.56695557,-0.6362915,-0.74420166,-0.8701782,-0.9990845,-1.1065063,-1.1831665,-1.2232056,-1.2285767,-1.1939087,-1.1304321,-1.038147,-0.9487915,-0.87945557,-0.8286743,-0.7529907,-0.68170166,-0.61920166,-0.5733032,-0.5523071,-0.5630493,-0.61920166
0.90374756,1.1293335,1.2645874,1.3231812,1.3236694,1.2958374,1.258728,1.2138062,1.1542358,1.0736694,0.9657593,0.8344116,0.6884155,0.5355835,0.37738037,0.21917725,0.078063965,-0.010314941,-0.04498291,-0.042541504,-0.022521973,0.0014038086,0.020446777,0.029724121,0.035095215,0.038513184,0.020935059,-0.0025024414,-0.038146973,-0.081604004,-0.14996338,-0.23248291,-0.3110962,-0.37261963,-0.40679932,-0.42095947,-0.44049072,-0.48492432,-0.5606079,-0.65875244,-0.7686157,-0.86676025,-0.9434204,-0.9873657,-0.9937134,-0.9673462,-0.9053345,-0.8291626,-0.7437134,-0.66070557,-0.61676025,-0.5684204,-0.50787354,-0.44488525,-0.38775635,-0.34429932,-0.3184204,-0.33843994
1.03656,1.2660522,1.4223022,1.4901733,1.4974976,1.4662476,1.4193726,1.3637085,1.2919312,1.1937866,1.0761108,0.9437866,0.79974365,0.6498413,0.5043335,0.36566162,0.24456787,0.15960693,0.12640381,0.13421631,0.16351318,0.20257568,0.24163818,0.27044678,0.29144287,0.28656006,0.28070068,0.23138428,0.17962646,0.09613037,0.010192871,-0.08892822,-0.18707275,-0.269104,-0.31451416,-0.33111572,-0.33306885,-0.3501587,-0.38970947,-0.45758057,-0.54107666,-0.6265259,-0.6958618,-0.73883057,-0.74664307,-0.722229,-0.67144775,-0.6045532,-0.53619385,-0.4619751,-0.39996338,-0.36383057,-0.315979,-0.25543213,-0.18658447,-0.120666504,-0.06842041,-0.05718994
1.1889038,1.4237671,1.5858765,1.6581421,1.6576538,1.6185913,1.5551147,1.480896,1.3842163,1.2733765,1.1542358,1.0248413,0.89056396,0.7509155,0.6166382,0.49945068,0.4081421,0.3554077,0.33587646,0.34368896,0.37298584,0.4286499,0.49749756,0.5507202,0.57073975,0.57318115,0.5331421,0.4574585,0.371521,0.2772827,0.18157959,0.06732178,-0.04547119,-0.14361572,-0.20611572,-0.22808838,-0.22662354,-0.22515869,-0.23492432,-0.27398682,-0.32867432,-0.3916626,-0.44439697,-0.47564697,-0.47955322,-0.4570923,-0.41705322,-0.3682251,-0.315979,-0.2642212,-0.20855713,-0.15484619,-0.11480713,-0.04937744,0.034606934,0.12884521,0.20843506,0.24993896
1.3622437,1.5844116,1.7416382,1.8163452,1.8143921,1.7611694,1.6742554,1.5751343,1.461853,1.340271,1.218689,1.09906,0.97454834,0.8446655,0.7230835,0.618103,0.5463257,0.5204468,0.52679443,0.56781006,0.6317749,0.71136475,0.79486084,0.84954834,0.85931396,0.83099365,0.76556396,0.6791382,0.5897827,0.49554443,0.39691162,0.26849365,0.13372803,0.007751465,-0.08013916,-0.11968994,-0.12164307,-0.10797119,-0.09820557,-0.10308838,-0.13043213,-0.16265869,-0.19439697,-0.206604,-0.20269775,-0.1807251,-0.14654541,-0.11480713,-0.08355713,-0.050842285,-0.017150879,0.036071777,0.09906006,0.18011475,0.2855835,0.3998413,0.4882202,0.5487671
1.5453491,1.7479858,1.895935,1.9638062,1.9594116,1.8866577,1.7782593,1.6517944,1.515564,1.3915405,1.2704468,1.1625366,1.0482788,0.930603,0.8192749,0.73187256,0.6791382,0.6703491,0.7001343,0.7694702,0.8607788,0.9594116,1.0497437,1.1083374,1.109314,1.0658569,0.9935913,0.9081421,0.82318115,0.7416382,0.6351929,0.512146,0.3534546,0.20697021,0.089782715,0.024353027,0.0038452148,0.013122559,0.03265381,0.04925537,0.05267334,0.051696777,0.053649902,0.062438965,0.0848999,0.1083374,0.13519287,0.15374756,0.168396,0.18206787,0.2020874,0.24749756,0.324646,0.4262085,0.539978,0.6478882,0.7333374,0.77630615
1.7167358,1.9003296,2.033142,2.0966187,2.0809937,1.9974976,1.8700562,1.7216187,1.5819702,1.4540405,1.340271,1.2352905,1.1244507,1.0131226,0.9110718,0.8383179,0.8036499,0.81292725,0.86273193,0.94818115,1.0580444,1.1757202,1.274353,1.3324585,1.3373413,1.2929077,1.2191772,1.1415405,1.0648804,0.99017334,0.8998413,0.77093506,0.6132202,0.44476318,0.30462646,0.21331787,0.17034912,0.16156006,0.17718506,0.20306396,0.230896,0.26312256,0.29437256,0.33343506,0.36810303,0.40179443,0.4208374,0.42962646,0.43206787,0.43206787,0.45111084,0.48968506,0.5692749,0.6732788,0.7860718,0.88079834,0.9515991,0.97161865
1.8710327,2.0253296,2.140564,2.1957397,2.1762085,2.0878296,1.9506226,1.7997437,1.664978,1.5375366,1.4364624,1.3275757,1.215271,1.1000366,1.0033569,0.9389038,0.91986084,0.9491577,1.0204468,1.1239624,1.2514038,1.3807983,1.4887085,1.5502319,1.555603,1.5126343,1.4467163,1.3734741,1.3104858,1.2484741,1.1693726,1.0482788,0.8890991,0.7079468,0.555603,0.43743896,0.3739624,0.34613037,0.3529663,0.37542725,0.41986084,0.47454834,0.5380249,0.5980835,0.65179443,0.68792725,0.7123413,0.711853,0.7015991,0.6972046,0.7079468,0.75335693,0.8324585,0.93304443,1.0394897,1.1283569,1.1835327,1.1723022
2.008728,2.13031,2.2235718,2.2680054,2.2484741,2.1625366,2.034607,1.8930054,1.765564,1.6532593,1.5463257,1.4345093,1.3158569,1.1986694,1.0995483,1.043396,1.0390015,1.0844116,1.1781616,1.3026733,1.4486694,1.5888062,1.7055054,1.7680054,1.7733765,1.7333374,1.6679077,1.6049194,1.5487671,1.5018921,1.434021,1.3251343,1.1688843,0.9906616,0.82318115,0.69818115,0.6117554,0.56536865,0.5560913,0.5770874,0.6259155,0.69329834,0.7748413,0.852478,0.9213257,0.97650146,1.0033569,1.0033569,0.99017334,0.9696655,0.97650146,1.0136108,1.0883179,1.1859741,1.289978,1.3739624,1.406189,1.383728
2.1273804,2.215271,2.281189,2.3182983,2.3007202,2.2299194,2.1210327,2.0028687,1.8861694,1.7875366,1.6752319,1.5580444,1.4262085,1.3026733,1.2059937,1.1571655,1.1659546,1.2333374,1.3475952,1.4945679,1.6547241,1.8065796,1.9276733,1.9862671,1.9911499,1.9486694,1.8847046,1.8265991,1.7816772,1.7435913,1.6913452,1.5941772,1.4452515,1.2723999,1.105896,0.9735718,0.8817749,0.82366943,0.80023193,0.80999756,0.84954834,0.9232788,1.0106812,1.1044312,1.1859741,1.249939,1.2846069,1.2904663,1.2763062,1.2533569,1.2489624,1.2738647,1.3378296,1.427185,1.5263062,1.6044312,1.6332397,1.609314
2.2489624,2.2929077,2.330017,2.3519897,2.3427124,2.2914429,2.2113647,2.1132202,2.0180054,1.9169312,1.8065796,1.6776733,1.5409546,1.4130249,1.3182983,1.2792358,1.3036499,1.3934937,1.531189,1.7006226,1.8739624,2.0287476,2.143982,2.199646,2.2035522,2.16156,2.1039429,2.0453491,2.0077515,1.9799194,1.9349976,1.8495483,1.715271,1.5492554,1.3910522,1.2684937,1.1786499,1.1220093,1.083435,1.0805054,1.1044312,1.1605835,1.2474976,1.340271,1.4389038,1.515564,1.5653687,1.5790405,1.5673218,1.5438843,1.5302124,1.543396,1.5951538,1.6737671,1.7626343,1.8309937,1.8622437,1.836853
2.3998413,2.3910522,2.3866577,2.3920288,2.3847046,2.3544312,2.296814,2.2167358,2.1278687,2.0248413,1.9144897,1.7782593,1.6444702,1.5204468,1.4389038,1.4144897,1.4633179,1.5785522,1.7411499,1.9291382,2.1083374,2.2592163,2.3637085,2.4140015,2.409607,2.3705444,2.3129272,2.2626343,2.2284546,2.2040405,2.171814,2.0951538,1.9745483,1.8275757,1.6845093,1.5741577,1.5004272,1.4540405,1.4213257,1.4032593,1.3998413,1.4281616,1.489685,1.578064,1.6669312,1.7606812,1.8202515,1.855896,1.8549194,1.8339233,1.8158569,1.8231812,1.8632202,1.9310913,2.0043335,2.059021,2.0912476,2.0756226
2.5653687,2.489685,2.4481812,2.4359741,2.4281616,2.4100952,2.364685,2.2977905,2.2055054,2.09906,1.9823608,1.8598022,1.7318726,1.6273804,1.571228,1.5731812,1.649353,1.7904663,1.9735718,2.1688843,2.3480835,2.489685,2.583435,2.6239624,2.6171265,2.5770874,2.524353,2.475525,2.4447632,2.4232788,2.393982,2.3295288,2.227478,2.0995483,1.9838257,1.8969116,1.8451538,1.8139038,1.7880249,1.7562866,1.7323608,1.7382202,1.7631226,1.8222046,1.8876343,1.9745483,2.0463257,2.0922241,2.1137085,2.1098022,2.09906,2.1102905,2.1508179,2.206482,2.2704468,2.3148804,2.3344116,2.3285522
2.727478,2.5951538,2.5116577,2.4760132,2.4647827,2.4506226,2.4140015,2.3466187,2.2479858,2.1366577,2.0194702,1.9096069,1.8109741,1.7450562,1.7196655,1.7557983,1.8598022,2.017517,2.2099,2.4066772,2.5809937,2.7142944,2.8007202,2.8358765,2.8261108,2.788025,2.7387085,2.6932983,2.6610718,2.642517,2.6176147,2.5653687,2.4804077,2.3793335,2.2885132,2.236267,2.2147827,2.205017,2.1884155,2.1610718,2.11615,2.0829468,2.0682983,2.0809937,2.13031,2.1869507,2.2601929,2.3134155,2.3441772,2.3656616,2.378357,2.4013062,2.44281,2.50531,2.5609741,2.6015015,2.6151733,2.59906
2.8480835,2.6742554,2.5609741,2.5092163,2.4901733,2.4735718,2.4349976,2.3598022,2.25531,2.1381226,2.0350952,1.9486694,1.8930054,1.8705444,1.8910522,1.9682007,2.0941772,2.2704468,2.4608765,2.6508179,2.812439,2.9359741,3.0140991,3.0453491,3.03656,3.0023804,2.9589233,2.9174194,2.8876343,2.8710327,2.8510132,2.814392,2.7445679,2.6698608,2.6098022,2.586853,2.5946655,2.6073608,2.6073608,2.5770874,2.520935,2.4520874,2.3978882,2.3685913,2.3720093,2.409607,2.4525757,2.5092163,2.5453491,2.5892944,2.6342163,2.6835327,2.7450562,2.8173218,2.8788452,2.9154663,2.9071655,2.8622437
2.8969116,2.7128296,2.5907593,2.5272827,2.5048218,2.4823608,2.4389038,2.3588257,2.246521,2.1361694,2.0473022,1.9945679,1.9867554,2.0140991,2.0883179,2.2006226,2.355896,2.5321655,2.718689,2.8910522,3.0385132,3.152771,3.22406,3.2543335,3.2474976,3.2211304,3.1864624,3.1547241,3.1298218,3.1132202,3.1029663,3.0722046,3.0316772,2.9730835,2.9369507,2.925232,2.9540405,2.984314,2.9901733,2.9662476,2.9037476,2.8187866,2.7323608,2.6708374,2.6415405,2.6469116,2.6693726,2.7025757,2.7435913,2.7870483,2.8529663,2.9359741,3.031189,3.1278687,3.2035522,3.2455444,3.220642,3.1273804
2.9481812,2.7494507,2.6224976,2.5541382,2.5228882,2.4916382,2.444275,2.355896,2.2450562,2.142517,2.0736694,2.06781,2.1098022,2.1932983,2.3099976,2.453064,2.6220093,2.8012085,2.9765015,3.1361694,3.2670288,3.3676147,3.430603,3.4574585,3.458435,3.44281,3.423767,3.4042358,3.3861694,3.3739624,3.368103,3.352478,3.3197632,3.281189,3.2597046,3.2562866,3.2841187,3.3075562,3.3202515,3.296814,3.2328491,3.1410522,3.0429077,2.9701538,2.9315796,2.9179077,2.9193726,2.9359741,2.9555054,2.9945679,3.065857,3.1625366,3.28656,3.408142,3.5111694,3.5619507,3.5375366,3.399353
