wind-global.json
{"header": { "discipline":0, "disciplineName":"Meteorological products", "gribEdition":2, "gribLength":24423, "center":78, "centerName":"ICON-EU", "subcenter":255, "refTime":"2021-06-22T00:00:00.000Z", "significanceOfRT":1, "significanceOfRTName":"Start of forecast", "productStatus":0, "productStatusName":"Operational products", "productType":1, "productTypeName":"Forecast products", "productDefinitionTemplate":0, "productDefinitionTemplateName":"Analysis/forecast at horizontal level/layer at a point in time", "parameterCategory":2, "parameterCategoryName":"Momentum", "parameterNumber":3, "parameterNumberName":"V-component_of_wind", "parameterUnit":"m.s-1", "genProcessType":2, "genProcessTypeName":"Forecast", "forecastTime":6120, "surface1Type":103, "surface1TypeName":"Specified height level above ground", "surface1Value":10.0, "surface2Type":255, "surface2TypeName":"Missing", "surface2Value":-9.999E-252, "gridDefinitionTemplate":0, "gridDefinitionTemplateName":"Latitude_Longitude", "numberPoints":16929, "shape":6, "shapeName":"Earth spherical with radius of 6,371,229.0 m", "gridUnits":"degrees", "resolution":48, "winds":"true", "scanMode":64, "nx":209, "ny":81, "basicAngle":0, "lo1":0.0, "la1":40.0, "lo2":13.0, "la2":45.0, "dx":0.0625, "dy":0.0625 }, "data":
[rows 0 to 25 of 81, columns 114 to 170 of 209]
-5.553236,-5.5141735,-5.492689,-5.4780407,-5.495619,-5.5317516,-5.604994,-5.7065563,-5.818861,-5.9809704,-6.1616344,-6.398939,-6.693861,-6.9155407,-7.1596813,-7.289564,-7.162611,-6.6479626,-5.8960094,-4.992689,-2.388197,0.06688118,0.15672493,-0.19483757,-0.22120476,-0.57765007,-0.59913445,-0.21534538,-0.05811882,0.045396805,-0.25538445,-0.14112663,0.23387337,0.47703743,0.59129524,0.9731312,0.91160774,0.5844593,0.03172493,-0.095228195,-0.26515007,-0.90089226,-1.3266735,-1.6547985,-1.7534313,-1.6909313,-1.6958141,-1.7046032,-1.7592907,-1.888197,-2.0278454,-2.2309704,-2.3930798,-2.5483532,-2.7104626,-2.8374157,-2.9839
-5.624525,-5.568861,-5.5161266,-5.4790173,-5.461439,-5.4721813,-5.5092907,-5.575697,-5.6792126,-5.801283,-5.9672985,-6.2241344,-6.4917126,-6.813978,-7.0405407,-7.1499157,-6.9985485,-6.6352673,-5.903822,-4.816908,-2.1342907,0.2172718,0.29149055,-0.43214226,-0.89893913,-0.928236,-1.2495251,-1.4926891,-1.2553844,-0.39893913,0.017076492,0.46531868,0.5112171,0.60203743,0.5190296,0.72703743,0.8012562,0.8168812,0.6137562,0.53660774,0.33543587,-0.49757195,-1.1674938,-1.5307751,-1.6059704,-1.5708141,-1.5932751,-1.6587048,-1.7739391,-1.8960094,-2.066908,-2.2612438,-2.4633923,-2.5991344,-2.7436657,-2.841322,-2.959486
-5.7016735,-5.642103,-5.57765,-5.523939,-5.481947,-5.461439,-5.4604626,-5.488783,-5.5366344,-5.651869,-5.771986,-5.9721813,-6.2758923,-6.5659313,-6.9204235,-6.999525,-6.8891735,-6.466322,-5.6723766,-4.981947,-3.6616344,-0.79151726,0.26512337,-0.65089226,-1.3178844,-1.3051891,-1.3237438,-1.5200329,-1.481947,-0.83546257,-0.25343132,0.353014,0.41844368,0.025865555,-0.18311882,0.18895149,0.64109993,1.0209827,1.1303577,1.0287952,0.571764,-0.30518913,-0.896986,-1.3305798,-1.3022594,-1.3364391,-1.341322,-1.4243298,-1.5737438,-1.7534313,-1.928236,-2.131361,-2.372572,-2.5493298,-2.6753063,-2.7993298,-2.9067516
-5.7661266,-5.723158,-5.6723766,-5.613783,-5.560072,-5.5122204,-5.4760876,-5.4604626,-5.4448376,-5.481947,-5.523939,-5.7065563,-5.8999157,-6.26515,-6.537611,-6.843275,-6.839369,-6.3442516,-5.4965954,-4.0024548,-3.0171032,-2.2104626,-1.2348766,-0.023939133,-0.32374382,-0.84913445,-0.78175163,-0.72413445,-0.59327507,-0.47706413,-0.37550163,-0.02296257,-0.38233757,-0.33936882,-0.18311882,-0.2797985,-0.01905632,0.5971546,0.7143421,0.46629524,-0.07862663,-0.5190563,-0.78370476,-1.053236,-1.0268688,-1.0239391,-1.006361,-1.0678844,-1.2046032,-1.3960094,-1.6010876,-1.8139782,-2.0493298,-2.2671032,-2.441908,-2.5796032,-2.7153454
-5.7797985,-5.7758923,-5.7485485,-5.7055798,-5.653822,-5.595228,-5.5415173,-5.485853,-5.45265,-5.405775,-5.3979626,-5.4604626,-5.5464,-5.8628063,-6.1928844,-6.700697,-6.792494,-6.520033,-5.2085094,-3.3911266,-1.2827282,-1.2046032,-1.584486,-1.037611,-0.36768913,-0.35597038,-0.9878063,-0.91358757,-0.6753063,-0.77393913,-0.928236,-0.8891735,-0.88233757,-0.10987663,-0.06593132,-0.4985485,-0.60206413,-0.33057976,-0.25245476,0.01609993,-0.01124382,-0.43018913,-0.6909313,-0.8315563,-0.90089226,-0.8237438,-0.75538445,-0.76515007,-0.8452282,-0.96827507,-1.153822,-1.372572,-1.5883923,-1.825697,-2.0395641,-2.2143688,-2.3559704
-5.7212048,-5.7524548,-5.7534313,-5.7368298,-5.6909313,-5.6460094,-5.5854626,-5.530775,-5.466322,-5.4223766,-5.343275,-5.2866344,-5.3042126,-5.345228,-5.6567516,-6.1235485,-6.7290173,-6.6909313,-5.4624157,-3.350111,-0.59327507,-0.5825329,-1.8784313,-0.9106579,-0.89307976,-0.81788445,-0.9878063,-0.95069695,-1.0258923,-1.334486,-1.4672985,-1.5483532,-0.5590954,0.032701492,-0.4311657,-0.57276726,-0.56007195,-0.60206413,-0.303236,0.2827015,0.23777962,-0.14405632,-0.49561882,-0.82569695,-0.9253063,-0.75538445,-0.6606579,-0.5981579,-0.6264782,-0.71046257,-0.8549938,-1.0346813,-1.2270641,-1.4067516,-1.5942516,-1.763197,-1.9165173
-5.5766735,-5.6342907,-5.6567516,-5.6528454,-5.631361,-5.586439,-5.548353,-5.5005016,-5.4585094,-5.3911266,-5.336439,-5.2378063,-5.1167126,-5.0854626,-5.0962048,-5.4585094,-6.0464,-6.4409313,-6.0102673,-3.926283,-1.950697,-1.0864391,-1.4233532,-0.5766735,-0.4360485,-0.46827507,-0.84620476,-0.65089226,-0.45069695,-0.9467907,-1.2592907,-1.2358532,-0.646986,0.16746712,0.40184212,-0.16847038,-0.24561882,-0.25050163,-0.24268913,0.020982742,0.06981087,-0.039564133,-0.34913445,-0.72120476,-0.91456413,-0.8315563,-0.65675163,-0.5766735,-0.5766735,-0.64893913,-0.7299938,-0.86964226,-0.99464226,-1.1372204,-1.2612438,-1.396986,-1.5210094
-5.370619,-5.4399548,-5.473158,-5.464369,-5.4477673,-5.403822,-5.3735485,-5.345228,-5.3354626,-5.2973766,-5.2436657,-5.1880016,-5.0493298,-4.8471813,-4.7348766,-4.685072,-5.082533,-5.6274548,-5.1186657,-4.1684704,-2.9770641,-0.3422985,-0.07081413,-0.8950329,-0.7387829,-0.4516735,-0.20850945,0.19969368,0.6987171,0.25242805,-0.2202282,-0.8559704,-0.9965954,-0.24561882,0.4360218,0.4907093,0.54930305,0.14891243,0.12645149,0.060045242,0.029771805,-0.07862663,-0.4360485,-0.74268913,-0.91456413,-0.89796257,-0.73682976,-0.63331413,-0.5669079,-0.631361,-0.6987438,-0.7544079,-0.82862663,-0.9204235,-1.0053844,-1.1040173,-1.2133923
-5.151869,-5.2192516,-5.2397594,-5.2339,-5.187025,-5.151869,-5.104994,-5.089369,-5.0805798,-5.0874157,-5.063978,-5.0542126,-4.9409313,-4.646986,-4.3374157,-4.0493298,-3.8989391,-3.9848766,-4.626478,-3.6889782,-1.1206188,0.18211555,-0.18702507,-0.5639782,-0.6518688,-0.48390007,0.24754524,0.6293812,0.70262337,0.7924671,0.446764,-0.56007195,-1.3081188,-1.3081188,-0.40284538,0.20067024,0.5971546,0.5971546,0.33152962,0.48094368,0.556139,0.2407093,-0.16944695,-0.584486,-0.8794079,-0.8999157,-0.8090954,-0.63331413,-0.5454235,-0.5454235,-0.56202507,-0.5952282,-0.6606579,-0.73682976,-0.8090954,-0.89796257,-1.0053844
-4.9672985,-4.9985485,-5.0229626,-4.9917126,-4.9516735,-4.8872204,-4.845228,-4.8071423,-4.8003063,-4.812025,-4.8159313,-4.776869,-4.7417126,-4.532728,-4.070814,-3.5102673,-2.8842907,-2.6089,-3.2622204,-3.153822,-0.84620476,0.27781868,0.7250843,0.13328743,0.12840462,0.603014,0.63035774,0.53953743,0.6137562,0.56981087,0.53367805,0.31590462,-0.34718132,-0.88526726,-0.25831413,0.061998367,0.25340462,0.20555305,-0.005384445,0.48777962,0.68504524,0.23094368,-0.0044078827,-0.36378288,-0.7934704,-1.0522594,-0.9331188,-0.74757195,-0.65577507,-0.57276726,-0.5483532,-0.5610485,-0.6128063,-0.6733532,-0.7465954,-0.8530407,-0.9155407
-4.801283,-4.8159313,-4.8227673,-4.7885876,-4.756361,-4.700697,-4.646986,-4.600111,-4.5678844,-4.5493298,-4.5561657,-4.5190563,-4.392103,-4.2553844,-3.9008923,-3.1059704,-2.2612438,-1.622572,-1.4946423,-1.4878063,-0.9331188,0.12645149,0.9516468,0.9516468,0.8969593,0.86961555,0.40086555,0.62547493,0.23387337,0.5737171,0.40867805,0.431139,0.33836555,0.042467117,-0.30128288,-0.12843132,0.10692024,-0.271986,-0.318861,-0.26319695,0.17527962,0.032701492,0.06590462,-0.17628288,-0.9419079,-1.1489391,-1.0981579,-1.0317516,-0.92921257,-0.8940563,-0.85890007,-0.912611,-0.93800163,-1.0229626,-1.0659313,-1.1215954,-1.122572
-4.5630016,-4.563978,-4.582533,-4.582533,-4.582533,-4.5590954,-4.526869,-4.4917126,-4.4360485,-4.365736,-4.3110485,-4.267103,-4.14015,-3.825697,-3.520033,-2.8676891,-1.9936657,-1.0210094,-1.0669079,-1.209486,-0.39893913,0.19578743,0.6000843,0.556139,-0.13624382,-0.35499382,-0.6831188,-0.4829235,-0.51612663,0.2827015,0.681139,0.42918587,0.30027962,0.26512337,0.34813118,0.15184212,0.107896805,0.10594368,0.092271805,0.05906868,0.22801399,0.01219368,-0.18702507,-0.49464226,-1.0005016,-1.1186657,-1.1831188,-1.2544079,-1.3276501,-1.3227673,-1.3794079,-1.4380016,-1.5171032,-1.5561657,-1.5835094,-1.5551891,-1.5190563
-4.285658,-4.2641735,-4.2749157,-4.316908,-4.339369,-4.365736,-4.3686657,-4.410658,-4.3667126,-4.2817516,-4.1714,-4.0210094,-3.8676891,-3.5483532,-3.312025,-2.521986,-1.6528454,-0.78858757,-0.75050163,-0.61182976,0.08250618,0.29149055,0.28563118,0.14988899,-0.22608757,0.08152962,0.29149055,0.40867805,-0.09425163,0.23192024,0.4672718,0.23875618,-0.021009445,0.030748367,0.020982742,0.81004524,0.6293812,0.2875843,0.5453968,0.3295765,0.27391243,0.011217117,-0.3374157,-0.5610485,-0.725111,-0.9546032,-1.1567516,-1.2934704,-1.497572,-1.6196423,-1.7807751,-1.8891735,-1.9858532,-2.0473766,-2.0590954,-2.013197,-1.9253063
-4.0346813,-4.0210094,-4.030775,-4.086439,-4.136244,-4.1928844,-4.223158,-4.271986,-4.2817516,-4.191908,-4.0630016,-3.8803844,-3.6645641,-3.3921032,-2.778822,-1.9633923,-0.95362663,0.36473274,0.696764,0.6000843,0.696764,0.65867805,0.7202015,0.7309437,0.8090687,1.0659046,0.5141468,0.9233265,1.3442249,0.9233265,0.19774055,-0.475111,-0.8999157,-0.8090954,-0.4516735,1.1616077,1.2387562,0.634264,0.5219593,0.61180305,0.31785774,-0.20850945,-0.2905407,-0.38624382,-0.6059704,-0.9575329,-1.2622204,-1.5659313,-1.7905407,-1.9692516,-2.1176891,-2.1880016,-2.270033,-2.3471813,-2.3452282,-2.316908,-2.2309704
-3.8686657,-3.879408,-3.905775,-3.968275,-4.0337048,-4.0815563,-4.1118298,-4.104994,-4.110853,-4.0698376,-3.9428844,-3.7797985,-3.5581188,-3.2915173,-2.9135876,-2.2085094,-1.2172985,-0.36182976,0.29734993,0.010240555,0.15281868,0.21434212,0.5327015,0.8012562,0.8393421,0.9018421,0.82567024,1.1928577,1.252428,0.028795242,-0.521986,-0.365736,-0.46632195,-0.26905632,-0.3686657,-0.0034313202,0.54442024,0.15965462,0.4594593,0.64793587,0.29734993,-0.2046032,-0.27393913,-0.61475945,-0.8628063,-1.3637829,-1.7143688,-2.093275,-2.287611,-2.4770641,-2.5229626,-2.5610485,-2.5805798,-2.6030407,-2.5415173,-2.4770641,-2.3618298
-3.7524548,-3.7573376,-3.780775,-3.8315563,-3.8940563,-3.9360485,-3.9497204,-3.903822,-3.8862438,-3.8589,-3.7993298,-3.6616344,-3.4848766,-3.26515,-2.9692516,-2.5659313,-2.0005016,-1.2846813,-1.1684704,-1.2260876,-1.185072,-0.73682976,-0.1733532,0.43797493,0.8159046,1.0200062,1.4194202,1.7543812,1.205553,-0.36671257,-0.5141735,0.23777962,0.44090462,0.6157093,0.7358265,0.09520149,-0.3217907,-0.3891735,-0.14600945,0.2641468,0.2670765,-0.033704758,-0.40968132,-1.1147594,-1.5610485,-2.0698376,-2.4604626,-2.646986,-2.7641735,-2.865736,-2.8491344,-2.8305798,-2.7749157,-2.7036266,-2.6167126,-2.4848766,-2.3354626
-3.6899548,-3.678236,-3.6928844,-3.7085094,-3.731947,-3.740736,-3.7280407,-3.6889782,-3.6323376,-3.568861,-3.5551891,-3.4848766,-3.3579235,-3.1909313,-2.9965954,-2.693861,-2.450697,-1.9682751,-1.6655407,-1.5639782,-1.6772594,-1.5024548,-0.9389782,-0.1655407,0.7934437,1.5463734,1.9487171,2.0463734,1.2504749,0.33152962,0.04734993,0.4203968,0.49656868,0.75242805,0.90672493,0.78074837,0.43797493,-0.10108757,-0.3891735,0.18504524,0.14207649,-0.2749157,-0.72706413,-1.5024548,-1.9214001,-2.2690563,-2.490736,-2.64015,-2.7212048,-2.7446423,-2.7749157,-2.747572,-2.70265,-2.6089,-2.499525,-2.3442516,-2.187025
-3.64015,-3.6352673,-3.6274548,-3.6118298,-3.5815563,-3.544447,-3.490736,-3.428236,-3.3530407,-3.2895641,-3.2378063,-3.2368298,-3.1899548,-3.0747204,-2.905775,-2.6215954,-2.3852673,-1.8940563,-1.6137829,-1.5493298,-1.5493298,-1.5883923,-1.475111,-0.89893913,0.26121712,1.3471546,2.2231312,2.4721546,1.8647327,1.228014,1.2377796,0.7172718,0.5795765,0.43406868,0.43406868,0.59422493,0.53367805,0.24949837,-0.08155632,-0.021986008,-0.37550163,-0.7153454,-1.1596813,-1.6235485,-1.9272594,-2.1860485,-2.3130016,-2.4047985,-2.45265,-2.4829235,-2.4790173,-2.4585094,-2.388197,-2.3217907,-2.2036266,-2.1108532,-1.9721813
-3.5717907,-3.5659313,-3.544447,-3.5102673,-3.4497204,-3.3715954,-3.287611,-3.191908,-3.1089,-3.0229626,-2.9741344,-2.957533,-2.9692516,-2.9292126,-2.818861,-2.6479626,-2.4223766,-2.1215954,-1.8618298,-1.725111,-1.6411266,-1.6528454,-1.6206188,-1.372572,-0.6577282,0.22410774,1.5834827,1.8500843,1.9340687,1.7641468,1.6713734,1.6508656,1.1782093,0.665514,0.74168587,0.8813343,0.5893421,0.4389515,0.036607742,-0.32081413,-0.70265007,-1.0561657,-1.2758923,-1.5698376,-1.810072,-2.0073376,-2.14015,-2.2397594,-2.278822,-2.2924938,-2.2456188,-2.1840954,-2.0815563,-1.9829235,-1.8755016,-1.7729626,-1.6723766
-3.428236,-3.419447,-3.39015,-3.3559704,-3.294447,-3.218275,-3.1303844,-3.0317516,-2.9253063,-2.8403454,-2.7768688,-2.7514782,-2.771986,-2.7680798,-2.6831188,-2.57765,-2.4448376,-2.278822,-2.0415173,-1.8315563,-1.7436657,-1.6645641,-1.6577282,-1.6821423,-1.5210094,-1.2358532,-0.40284538,0.00828743,0.431139,0.96141243,1.1801624,1.5746937,1.4291859,1.0942249,0.9330921,0.9438343,0.8246937,0.48094368,0.21238899,-0.14112663,-0.6186657,-0.9672985,-1.216322,-1.5630016,-1.7436657,-1.9477673,-2.062025,-2.162611,-2.1860485,-2.1665173,-2.068861,-1.9448376,-1.7797985,-1.6284313,-1.4780407,-1.3696423,-1.2817516
-3.2221813,-3.185072,-3.1587048,-3.1196423,-3.0903454,-3.0493298,-3.0073376,-2.937025,-2.8422985,-2.756361,-2.6792126,-2.646986,-2.6674938,-2.6196423,-2.5473766,-2.4790173,-2.405775,-2.3178844,-2.1889782,-2.0415173,-1.881361,-1.7817516,-1.7339001,-1.7934704,-1.9165173,-1.9878063,-2.0210094,-1.6704235,-1.6079235,-1.060072,-0.61964226,-0.18604851,0.69481087,0.7231312,0.7846546,0.7621937,0.51609993,0.41063118,0.11082649,-0.3579235,-0.6528454,-1.0649548,-1.3247204,-1.5317516,-1.662611,-1.803236,-1.8930798,-1.9956188,-2.0171032,-2.0190563,-1.9243298,-1.7749157,-1.5962048,-1.3911266,-1.2026501,-1.0561657,-0.943861
-2.9604626,-2.9145641,-2.8676891,-2.8462048,-2.8296032,-2.8393688,-2.8491344,-2.8403454,-2.8042126,-2.731947,-2.6635876,-2.6303844,-2.5962048,-2.4985485,-2.426283,-2.3862438,-2.3628063,-2.348158,-2.278822,-2.1567516,-2.0610485,-1.9487438,-1.919447,-1.990736,-2.1792126,-2.318861,-2.3667126,-2.2758923,-2.1010876,-1.7700329,-1.3169079,-0.8940563,-0.25343132,0.020982742,0.16844368,0.30516243,0.006334305,-0.067884445,-0.37550163,-0.60108757,-0.8794079,-1.0473766,-1.2202282,-1.350111,-1.4604626,-1.6089001,-1.7661266,-1.903822,-2.013197,-2.0424938,-2.0092907,-1.872572,-1.7046032,-1.4692516,-1.2172985,-1.0092907,-0.8422985
-2.669447,-2.6333141,-2.5942516,-2.5883923,-2.5766735,-2.6010876,-2.6489391,-2.6948376,-2.7085094,-2.6889782,-2.6421032,-2.5991344,-2.5034313,-2.396986,-2.3198376,-2.2866344,-2.3198376,-2.3305798,-2.301283,-2.2436657,-2.187025,-2.1567516,-2.1704235,-2.3227673,-2.443861,-2.506361,-2.332533,-2.093275,-1.7622204,-1.5464001,-1.0932751,-0.7143688,-0.5512829,-0.28663445,-0.23975945,-0.22706413,-0.19190788,-0.33350945,-0.3842907,-0.5434704,-0.7124157,-0.8637829,-1.0962048,-1.2534313,-1.6508923,-1.9106579,-2.1792126,-2.4555798,-2.6118298,-2.7085094,-2.6704235,-2.4790173,-2.280775,-1.9741344,-1.6948376,-1.3628063,-1.138197
-2.4077282,-2.3755016,-2.3530407,-2.3589,-2.3628063,-2.3940563,-2.4340954,-2.4858532,-2.530775,-2.537611,-2.5464,-2.4897594,-2.3872204,-2.2905407,-2.1997204,-2.1928844,-2.2172985,-2.209486,-2.1997204,-2.2153454,-2.2153454,-2.249525,-2.3696423,-2.5454235,-2.598158,-2.4839,-2.0415173,-1.6919079,-1.225111,-0.75050163,-0.71046257,-0.537611,-0.29249382,-0.31788445,-0.5659313,-0.5171032,-0.46534538,-0.51319695,-0.65870476,-0.86475945,-1.1430798,-1.5044079,-1.8491344,-2.32765,-2.888197,-3.0083141,-3.3149548,-3.4360485,-3.5083141,-3.4585094,-3.2993298,-3.0571423,-2.7221813,-2.3735485,-2.01515,-1.6606579,-1.3208141
-2.2827282,-2.2602673,-2.2358532,-2.223158,-2.2299938,-2.238783,-2.2505016,-2.2680798,-2.2846813,-2.3051891,-2.3071423,-2.270033,-2.2172985,-2.1128063,-2.0805798,-2.075697,-2.0708141,-2.0327282,-2.0483532,-2.084486,-2.1352673,-2.2573376,-2.4008923,-2.553236,-2.5708141,-2.2514782,-1.7846813,-1.5659313,-1.6186657,-0.84425163,-0.7358532,-0.8003063,-0.412611,-0.34620476,-0.41358757,-0.50050163,-0.57765007,-0.70557976,-1.2817516,-1.7046032,-2.3393688,-2.7104626,-3.0815563,-3.426283,-3.6587048,-3.7260876,-3.8159313,-3.8452282,-3.7846813,-3.693861,-3.4780407,-3.2124157,-2.8452282,-2.4614391,-2.062025,-1.6655407,-1.2710094
-2.2895641,-2.2592907,-2.231947,-2.185072,-2.131361,-2.1108532,-2.0854626,-2.0522594,-2.0229626,-2.0073376,-1.9917126,-1.9741344,-1.9565563,-1.9008923,-1.9135876,-1.9145641,-1.850111,-1.8452282,-1.8403454,-1.8911266,-2.0190563,-2.1645641,-2.3198376,-2.3872204,-2.2446423,-1.7456188,-1.3051891,-1.0639782,-1.0991344,-1.0161266,-0.84132195,-0.65675163,-0.44483757,-0.18702507,-0.028821945,-0.10011101,-0.22706413,-1.0249157,-1.9721813,-2.6899548,-3.4165173,-3.676283,-3.8081188,-3.903822,-3.910658,-3.89015,-3.9214,-3.9145641,-3.8803844,-3.7729626,-3.5561657,-3.2436657,-2.825697,-2.4409313,-1.9995251,-1.6049938,-1.1977673
