wind-global.json
{"header": { "discipline":0, "disciplineName":"Meteorological products", "gribEdition":2, "gribLength":51317, "center":7, "centerName":"US National Weather Service - NCEP(WMC)", "subcenter":0, "refTime":"2021-06-24T00:00:00.000Z", "significanceOfRT":1, "significanceOfRTName":"Start of forecast", "productStatus":0, "productStatusName":"Operational products", "productType":2, "productTypeName":"Analysis and Forecast products", "productDefinitionTemplate":0, "productDefinitionTemplateName":"Analysis/forecast at horizontal level/layer at a point in time", "parameterCategory":2, "parameterCategoryName":"Momentum", "parameterNumber":2, "parameterNumberName":"U-component_of_wind", "parameterUnit":"m.s-1", "genProcessType":0, "genProcessTypeName":"Analysis", "forecastTime":56, "surface1Type":103, "surface1TypeName":"Specified height level above ground", "surface1Value":10.0, "surface2Type":255, "surface2TypeName":"Missing", "surface2Value":-9.999E-252, "gridDefinitionTemplate":0, "gridDefinitionTemplateName":"Latitude_Longitude", "numberPoints":37191, "shape":0, "shapeName":"Earth spherical with radius = 6,367,470 m", "gridUnits":"degrees", "resolution":48, "winds":"true", "scanMode":64, "nx":231, "ny":161, "basicAngle":0, "lo1":358.75003, "la1":39.25, "lo2":4.5, "la2":43.25, "dx":0.025, "dy":0.025 }, "data":
[rows 104 to 129 of 161, columns 59 to 117 of 231]
-3.1484776,-2.953165,-2.7891026,-2.6641026,-2.6641026,-2.734415,-2.8203526,-2.8828526,-2.81254,-2.6484776,-2.37504,-2.09379,-1.828165,-1.640665,-1.53129,-1.484415,-1.6016026,-1.765665,-1.90629,-1.8672276,-1.7891026,-1.7109776,-1.703165,-1.6641026,-1.6172276,-1.609415,-1.68754,-1.8047276,-1.9453526,-1.9453526,-1.8359776,-1.56254,-1.37504,-1.3047276,-1.56254,-1.8359776,-2.03129,-1.9453526,-1.8047276,-1.6484776,-1.43754,-1.21879,-1.00004,-0.85160255,-0.72660255,-0.60941505,-0.50004005,-0.38285255,-0.22660255,0.062459946,0.47652245,0.90620995,1.24996,1.109335,0.73433495,0.124959946,0.046834946,0.070272446,-0.17972755
-2.68754,-2.71879,-2.6797276,-2.5859776,-2.4453526,-2.421915,-2.4609776,-2.4766026,-2.390665,-2.234415,-2.015665,-1.78129,-1.546915,-1.265665,-1.03129,-0.85941505,-1.0703526,-1.390665,-1.71879,-1.5859776,-1.40629,-1.2422276,-1.3203526,-1.37504,-1.421915,-1.4922276,-1.6484776,-1.8672276,-2.12504,-2.171915,-2.078165,-1.78129,-1.50004,-1.2891026,-1.453165,-1.71879,-1.9766026,-1.8828526,-1.7109776,-1.50004,-1.25004,-0.98441505,-0.71879005,-0.49222755,-0.20316505,0.117147446,0.38277245,0.38277245,0.22652245,0.093709946,0.24995995,0.54683495,0.91402245,0.94527245,0.74214745,0.17183495,-0.17191505,-0.41410255,-0.69535255
-2.2891026,-2.2578526,-2.2266026,-2.203165,-2.171915,-2.18754,-2.2266026,-2.2578526,-2.18754,-2.0391026,-1.81254,-1.6641026,-1.53129,-1.1172276,-0.59379005,-0.101602554,-0.49222755,-1.0703526,-1.6953526,-1.515665,-1.3203526,-1.140665,-1.15629,-1.171915,-1.18754,-1.18754,-1.3203526,-1.5391026,-1.8672276,-2.0078526,-2.00004,-1.7891026,-1.56254,-1.34379,-1.3359776,-1.43754,-1.5859776,-1.5234776,-1.359415,-1.12504,-0.97660255,-0.81254005,-0.61722755,-0.38285255,-0.054727554,0.32808495,0.71870995,0.84370995,0.79683495,0.65620995,0.61714745,0.64058495,0.61714745,0.47652245,0.25777245,-0.031290054,-0.33597755,-0.59379005,-0.62504005
-1.8203526,-1.81254,-1.8047276,-1.796915,-1.828165,-1.921915,-2.0703526,-2.203165,-2.2422276,-2.203165,-1.96879,-1.7578526,-1.5547276,-1.140665,-0.60160255,-0.031290054,-0.46097755,-1.03129,-1.65629,-1.46879,-1.3203526,-1.203165,-1.1641026,-1.078165,-0.93754005,-0.53129005,-0.36722755,-0.44535255,-0.95316505,-1.328165,-1.59379,-1.6016026,-1.5078526,-1.3516026,-1.28129,-1.25004,-1.234415,-1.171915,-1.06254,-0.93754005,-0.94535255,-0.90629005,-0.79691505,-0.47660255,-0.13285255,0.20308495,0.49214745,0.73433495,0.92964745,0.95308495,0.85933495,0.67183495,0.43745995,0.124959946,-0.23441505,-0.38285255,-0.37504005,-0.24222755,-0.062540054
-1.4141026,-1.5391026,-1.609415,-1.6172276,-1.578165,-1.62504,-1.734415,-1.90629,-2.0078526,-2.046915,-1.87504,-1.6641026,-1.40629,-1.0391026,-0.65629005,-0.28129005,-0.44535255,-0.77347755,-1.2266026,-1.3203526,-1.3203526,-1.2422276,-1.2734776,-1.140665,-0.81254005,0.21870995,0.79683495,0.96089745,0.13277245,-0.64066505,-1.359415,-1.43754,-1.3672276,-1.1797276,-1.1797276,-1.15629,-1.1016026,-0.99222755,-0.89847755,-0.82816505,-0.96879005,-1.0391026,-1.015665,-0.61722755,-0.24222755,0.101522446,0.40620995,0.74995995,1.1171474,1.06246,0.82027245,0.40620995,0.31245995,0.14058495,-0.101602554,-0.32035255,-0.21879005,0.18745995,0.53902245
-1.234415,-1.4297276,-1.5391026,-1.578165,-1.5078526,-1.4453526,-1.390665,-1.453165,-1.6016026,-1.84379,-1.890665,-1.7266026,-1.328165,-0.97660255,-0.66410255,-0.40629005,-0.35160255,-0.50785255,-0.90629005,-1.31254,-1.59379,-1.75004,-1.7578526,-1.40629,-0.68754005,0.35933495,1.21871,1.890585,1.015585,-0.039102554,-1.2891026,-1.1641026,-1.015665,-0.86722755,-0.92191505,-0.96097755,-0.98441505,-0.85160255,-0.71879005,-0.57816505,-0.82035255,-1.015665,-1.1641026,-0.79691505,-0.41410255,-0.015665054,0.35933495,0.75777245,1.18746,1.0858974,0.76558495,0.21870995,0.109334946,0.070272446,0.117147446,-4.005432E-5,0.085897446,0.40620995,0.89839745
-1.12504,-1.3359776,-1.484415,-1.56254,-1.453165,-1.3047276,-1.12504,-1.1641026,-1.3516026,-1.703165,-1.8047276,-1.6328526,-1.1641026,-0.82035255,-0.63285255,-0.61722755,-0.70316505,-0.91410255,-1.2422276,-1.4766026,-1.578165,-1.5234776,-1.3359776,-1.03129,-0.60160255,-0.21879005,0.39058495,1.328085,1.21871,0.67183495,-0.34379005,-0.36722755,-0.36722755,-0.40629005,-0.50785255,-0.60160255,-0.69535255,-0.62504005,-0.46097755,-0.18754005,-0.46879005,-0.82816505,-1.2422276,-0.97660255,-0.63285255,-0.24222755,0.117147446,0.53120995,1.015585,1.03121,0.78902245,0.26558495,0.078084946,0.078084946,0.32808495,0.42183495,0.59370995,0.88277245,1.2108974
-0.91410255,-1.09379,-1.28129,-1.4766026,-1.390665,-1.2422276,-1.0391026,-1.18754,-1.40629,-1.68754,-1.6953526,-1.5391026,-1.203165,-0.94535255,-0.85160255,-0.96097755,-0.88285255,-0.70316505,-0.39066505,-0.40629005,-0.46097755,-0.53129005,-0.49222755,-0.51566505,-0.65629005,-0.78129005,-0.57035255,0.14839745,0.74995995,0.97652245,0.64058495,0.109334946,-0.25785255,-0.32035255,-0.32035255,-0.40629005,-0.67972755,-0.58597755,-0.30472755,0.23433495,-0.007852554,-0.48441505,-1.1797276,-0.96097755,-0.60941505,-0.23441505,-0.078165054,0.17183495,0.65620995,0.92964745,0.97652245,0.67964745,0.37495995,0.25777245,0.51558495,0.72652245,0.90620995,1.015585,1.234335
-0.49222755,-0.53910255,-0.75004005,-1.15629,-1.28129,-1.31254,-1.21879,-1.4453526,-1.6797276,-1.87504,-1.8672276,-1.6953526,-1.296915,-0.92191505,-0.77347755,-0.99222755,-0.84379005,-0.39847755,0.45308495,0.75777245,0.69527245,0.13277245,-0.50004005,-1.015665,-1.2891026,-1.25004,-0.85160255,0.054647446,0.77339745,0.98433495,0.35933495,-0.39066505,-0.69535255,-0.14066505,0.22652245,0.17964745,-0.60941505,-0.76566505,-0.50785255,0.30464745,0.32027245,-0.070352554,-0.95316505,-0.67972755,-0.16410255,0.40620995,0.23433495,0.078084946,0.26558495,0.74214745,1.1327724,1.21871,0.88277245,0.62495995,0.71089745,0.99214745,1.203085,1.1327724,1.1952724
0.070272446,0.22652245,0.015584946,-0.71097755,-1.1953526,-1.484415,-1.5234776,-1.7734776,-2.0234776,-2.2109776,-2.0703526,-1.703165,-1.046915,-0.53129005,-0.34379005,-0.71097755,-0.85160255,-0.64066505,0.15620995,0.52339745,0.42964745,-0.39847755,-1.0703526,-1.515665,-1.6172276,-1.3516026,-0.74222755,0.41402245,0.86714745,0.77339745,-0.117227554,-0.64847755,-0.67191505,0.19527245,0.89058495,1.0390224,0.023397446,-0.46879005,-0.46097755,0.45308495,0.51558495,0.124959946,-0.81254005,-0.54691505,0.14058495,1.06246,0.82808495,0.35152245,0.093709946,0.47652245,1.0077724,1.4452724,1.3515224,1.140585,0.99995995,1.24996,1.4765224,1.328085,1.1327724
0.22652245,0.46870995,0.23433495,-0.71097755,-1.3359776,-1.703165,-1.703165,-1.9609776,-2.203165,-2.3203526,-1.9453526,-1.4297276,-0.84379005,-0.53129005,-0.47660255,-0.83597755,-1.140665,-1.1953526,-0.77347755,-0.57035255,-0.63285255,-1.1797276,-1.46879,-1.609415,-1.5859776,-1.3672276,-0.87504005,0.17964745,0.58589745,0.62495995,0.19527245,-0.007852554,0.023397446,0.50777245,1.1015224,1.3202724,0.39058495,-0.117227554,-0.17972755,0.67964745,0.55464745,0.031209946,-0.71097755,-0.38285255,0.35933495,1.24996,1.1327724,0.66402245,0.22652245,0.50777245,1.06246,1.6796474,1.7890224,1.6483974,1.2733974,1.203085,1.234335,1.2108974,0.99995995
-0.84379005,-0.98441505,-1.2578526,-1.6328526,-1.734415,-1.734415,-1.6953526,-1.7422276,-1.7891026,-1.75004,-1.5859776,-1.453165,-1.453165,-1.50004,-1.546915,-1.5859776,-1.5078526,-1.37504,-1.15629,-1.12504,-1.203165,-1.40629,-1.53129,-1.578165,-1.4766026,-1.3047276,-0.95316505,-0.14066505,0.35933495,0.64058495,0.56245995,0.46089745,0.42964745,0.66402245,1.1171474,1.359335,0.60933495,0.27339745,0.25777245,0.71870995,0.085897446,-0.77347755,-0.61722755,0.23433495,1.18746,1.296835,1.1171474,0.83589745,0.55464745,0.73433495,1.1952724,2.0233974,2.21871,1.9608974,1.046835,0.53120995,0.35933495,0.74995995,0.92183495
-1.50004,-1.859415,-2.015665,-1.3984776,-0.51566505,0.093709946,-0.23441505,-0.68754005,-1.03129,-1.0078526,-1.1328526,-1.37504,-1.84379,-2.0234776,-2.0391026,-1.8203526,-1.4453526,-1.06254,-0.81254005,-0.83597755,-0.97660255,-1.2109776,-1.453165,-1.609415,-1.3984776,-1.1172276,-0.73441505,-0.117227554,0.36714745,0.70308495,0.65620995,0.57027245,0.52339745,0.66402245,0.93745995,1.12496,0.67964745,0.56245995,0.58589745,0.49214745,-0.32816505,-1.2422276,-0.68754005,0.22652245,1.1640224,1.140585,1.12496,1.1327724,1.171835,1.3515224,1.65621,2.46871,2.53121,1.99996,0.60152245,0.039022446,0.13277245,0.72652245,0.96089745
-1.4141026,-1.5391026,-1.609415,-1.3359776,-0.57816505,0.093709946,0.031209946,-0.47660255,-1.078165,-1.4141026,-1.515665,-1.53129,-1.56254,-1.7109776,-1.828165,-1.671915,-1.359415,-1.015665,-0.77347755,-0.54691505,-0.41410255,-0.67191505,-1.0703526,-1.4297276,-1.2734776,-0.96879005,-0.57816505,-0.19535255,0.15620995,0.47652245,0.64839745,0.72652245,0.75777245,0.70308495,0.75777245,0.86714745,0.85933495,0.85152245,0.76558495,0.17964745,-0.62504005,-1.3828526,-0.85941505,-0.14066505,0.63277245,0.78902245,1.0546474,1.390585,1.515585,1.71871,1.9765224,2.34371,1.890585,0.80464745,-0.109415054,0.0077724457,0.95308495,1.296835,1.1171474
-0.71097755,-0.82035255,-1.1641026,-1.5703526,-1.34379,-0.98441505,-1.0078526,-1.2734776,-1.5391026,-1.453165,-1.3047276,-1.1641026,-1.1953526,-1.359415,-1.5391026,-1.546915,-1.4922276,-1.3828526,-1.09379,-0.40629005,0.33589745,0.33589745,-0.21097755,-0.95316505,-1.046915,-0.94535255,-0.75004005,-0.75004005,-0.52347755,-0.117227554,0.59370995,1.015585,1.21871,0.96089745,0.88277245,0.92964745,1.1796474,1.0233974,0.52339745,-0.26566505,-0.85160255,-1.2109776,-0.87504005,-0.53910255,-0.21097755,0.15620995,0.72652245,1.453085,1.5077724,1.6327724,1.81246,1.9296474,1.6015224,0.89058495,0.64058495,0.91402245,1.6640224,1.43746,1.1015224
-0.062540054,-0.42972755,-1.28129,-1.96879,-1.78129,-1.2891026,-1.2266026,-1.3047276,-1.3984776,-1.265665,-1.0547276,-0.84379005,-0.78129005,-0.98441505,-1.3047276,-1.4297276,-1.4453526,-1.37504,-1.203165,-0.59379005,0.24214745,0.83589745,0.71870995,0.14839745,-0.42191505,-0.75004005,-0.92972755,-1.1172276,-0.95316505,-0.49222755,0.36714745,1.0233974,1.4921474,1.3515224,1.31246,1.3671474,1.3983974,0.84370995,-0.17972755,-0.67972755,-0.75004005,-0.43754005,-0.42191505,-0.63285255,-1.06254,-0.52347755,0.23433495,1.21871,1.1327724,1.12496,1.21871,1.4608974,1.5233974,1.3671474,1.3671474,1.56246,1.9608974,1.9921474,1.890585
0.48433495,-0.039102554,-1.171915,-1.9141026,-1.7734776,-1.2578526,-1.1484776,-1.078165,-1.0391026,-1.0859776,-1.0234776,-0.89066505,-0.71879005,-0.77347755,-0.96879005,-1.234415,-1.390665,-1.4453526,-1.18754,-0.72660255,-0.12504005,0.45308495,0.78120995,0.92183495,0.57808495,0.031209946,-0.69535255,-1.12504,-1.140665,-0.78910255,-0.031290054,0.65620995,1.265585,1.46871,1.68746,1.9140224,1.4608974,0.65620995,-0.49222755,-0.49222755,-0.12504005,0.63277245,0.23433495,-0.46879005,-1.4609776,-0.89847755,-0.085977554,0.93745995,0.91402245,0.86714745,0.87495995,1.24996,1.578085,1.7890224,1.8671474,1.984335,2.1796474,2.56246,2.74996
0.91402245,0.42964745,-0.63285255,-1.421915,-1.50004,-1.203165,-1.0391026,-0.89847755,-0.79691505,-1.06254,-1.18754,-1.18754,-0.90629005,-0.80472755,-0.85941505,-1.2578526,-1.4141026,-1.359415,-0.89066505,-0.46879005,-0.085977554,0.19527245,0.46870995,0.74214745,0.85152245,0.47652245,-0.35941505,-0.99222755,-1.0859776,-0.63285255,-0.13285255,0.24995995,0.52339745,0.99214745,1.453085,1.8983974,1.734335,1.3827724,0.82027245,0.49995995,0.43745995,0.68745995,0.13277245,-0.59379005,-1.421915,-0.90629005,-0.14066505,0.77339745,0.90620995,0.89839745,0.81245995,1.140585,1.5077724,1.8358974,1.9296474,1.99996,2.1015224,2.3983974,2.5858974
0.96089745,0.49995995,-0.43754005,-1.046915,-1.21879,-1.1016026,-0.90629005,-0.75785255,-0.69535255,-1.1484776,-1.37504,-1.40629,-0.94535255,-0.66410255,-0.55472755,-1.03129,-1.21879,-1.1484776,-0.76566505,-0.46879005,-0.25004005,0.24214745,0.64839745,0.96870995,0.85933495,0.40620995,-0.42191505,-0.94535255,-0.84379005,-0.007852554,0.14058495,-0.015665054,-0.53129005,0.24995995,1.0390224,1.703085,1.81246,1.81246,1.7108974,1.2108974,0.55464745,-0.21097755,-0.83597755,-1.234415,-1.2891026,-0.83597755,-0.28910255,0.31245995,0.53902245,0.64058495,0.62495995,0.87495995,1.1483974,1.3515224,1.4296474,1.5077724,1.6483974,1.703085,1.6796474
0.62495995,0.093709946,-0.76566505,-0.89066505,-0.95316505,-0.97660255,-0.76566505,-0.62504005,-0.55472755,-1.1328526,-1.4141026,-1.4141026,-0.82816505,-0.33597755,0.078084946,-0.28129005,-0.58597755,-0.85160255,-0.82816505,-0.71097755,-0.47660255,0.35933495,0.96089745,1.2421474,0.69527245,0.039022446,-0.67191505,-0.96879005,-0.68754005,0.34370995,0.46089745,0.117147446,-0.79691505,-0.054727554,0.90620995,1.8983974,1.9296474,1.6640224,1.12496,0.48433495,-0.15629005,-0.76566505,-0.98441505,-1.03129,-0.93754005,-0.96879005,-0.89847755,-0.52347755,-0.070352554,0.32027245,0.49214745,0.67183495,0.80464745,0.76558495,0.81245995,0.92183495,1.12496,1.0077724,0.75777245
0.46089745,0.30464745,-0.062540054,-0.046915054,-0.35941505,-0.96097755,-0.72660255,-0.49222755,-0.25004005,-0.88285255,-1.2266026,-1.2891026,-0.81254005,-0.22660255,0.48433495,0.46870995,0.15620995,-0.50004005,-0.83597755,-0.89847755,-0.62504005,0.26558495,0.86714745,0.98433495,0.27339745,-0.30472755,-0.55472755,-0.62504005,-0.36722755,0.35152245,0.71870995,0.65620995,-0.109415054,0.13277245,0.70308495,1.62496,1.7577724,1.6015224,1.1640224,0.78120995,0.44527245,0.18745995,-0.19535255,-0.65629005,-1.18754,-1.296915,-1.1484776,-0.67191505,-0.17972755,0.26558495,0.52339745,0.72652245,0.85933495,0.83589745,0.82808495,0.84370995,0.86714745,0.57808495,0.17964745
0.53902245,0.72652245,0.89839745,0.93745995,0.26558495,-1.109415,-0.89066505,-0.48441505,0.117147446,-0.40629005,-0.79691505,-1.0234776,-0.82816505,-0.42972755,0.21870995,0.48433495,0.35152245,-0.26566505,-0.75785255,-0.95316505,-0.72660255,0.015584946,0.53120995,0.55464745,-0.007852554,-0.34379005,-0.14847755,-0.015665054,0.117147446,0.24214745,0.75777245,1.1796474,1.18746,0.95308495,0.74995995,0.82027245,1.0077724,1.2421474,1.4296474,1.421835,1.2577724,0.79683495,-0.070352554,-0.96879005,-1.4141026,-1.203165,-0.71879005,-0.28129005,0.031209946,0.24995995,0.33589745,0.38277245,0.43745995,0.68745995,0.90620995,1.06246,0.86714745,0.53120995,0.15620995
0.31245995,0.33589745,0.64058495,0.83589745,0.18745995,-1.3828526,-1.203165,-0.55472755,0.58589745,0.50777245,0.21089745,-0.27347755,-0.66410255,-0.75785255,-0.42972755,-0.117227554,-0.070352554,-0.42972755,-0.82816505,-0.98441505,-0.71097755,-0.015665054,0.50777245,0.57808495,0.21870995,0.015584946,0.32027245,0.61714745,0.71089745,0.29683495,0.66402245,1.31246,2.1640224,1.6327724,0.64839745,-0.32035255,0.0077724457,0.86714745,1.87496,1.9921474,1.546835,0.40620995,-0.61722755,-1.359415,-1.140665,-0.61722755,-0.062540054,-0.109415054,-0.13285255,-0.078165054,0.38277245,0.66402245,0.82808495,1.078085,1.34371,1.5702724,1.265585,0.91402245,0.56245995
-0.22660255,-0.36722755,-0.25004005,-0.32816505,-0.70316505,-1.3828526,-0.89847755,-0.19535255,0.67964745,0.98433495,0.98433495,0.61714745,-0.44535255,-1.203165,-1.3047276,-0.91410255,-0.64066505,-0.76566505,-0.92972755,-0.90629005,-0.47660255,0.25777245,0.83589745,0.90620995,0.67183495,0.55464745,0.92964745,1.328085,1.43746,0.67964745,0.73433495,1.2577724,2.40621,1.6640224,0.18745995,-1.1797276,-0.60941505,0.81245995,2.1015224,2.18746,1.546835,0.124959946,-0.78129005,-1.234415,-0.63285255,-0.093790054,0.28902245,-0.12504005,-0.41410255,-0.53129005,0.25777245,0.90620995,1.4608974,1.87496,2.1796474,2.3827724,2.0858974,1.7421474,1.3515224
-0.52347755,-0.92191505,-1.1016026,-1.1641026,-1.2578526,-1.40629,-1.09379,-0.50004005,0.44527245,1.0077724,1.0390224,0.20308495,-0.85160255,-1.5703526,-1.56254,-1.2422276,-0.89066505,-0.61722755,-0.63285255,-0.63285255,-0.40629005,0.22652245,0.85933495,1.15621,1.1327724,1.15621,1.640585,2.09371,2.234335,1.2733974,1.09371,1.390585,2.2890224,1.4765224,-0.054727554,-1.12504,-0.50785255,0.90620995,1.78121,1.8983974,1.53121,0.71089745,0.062459946,-0.44535255,-0.24222755,0.046834946,0.40620995,0.117147446,-0.28910255,-0.78129005,-0.062540054,0.86714745,2.0390224,2.49996,2.74996,2.765585,2.65621,2.49996,2.3046474
-0.21879005,-0.88285255,-1.296915,-1.328165,-1.3203526,-1.3203526,-1.2891026,-0.92972755,-4.005432E-5,0.57808495,0.64058495,-0.17972755,-0.75785255,-1.0859776,-1.0078526,-0.88285255,-0.74222755,-0.57035255,-0.45316505,-0.30472755,-0.015665054,0.41402245,0.85152245,1.15621,1.3202724,1.546835,2.28121,2.7577724,2.8827724,1.765585,1.3358974,1.37496,2.203085,1.7890224,0.70308495,-0.14847755,-0.039102554,0.61714745,0.85152245,1.0077724,1.15621,1.37496,1.2421474,0.82027245,0.40620995,0.32027245,0.53902245,0.57808495,0.22652245,-0.52347755,-0.21879005,0.50777245,1.6952724,2.234335,2.62496,2.8671474,3.1952724,3.359335,3.24996
