wind-global.json
{"header": { "discipline":0, "disciplineName":"Meteorological products", "gribEdition":2, "gribLength":24423, "center":78, "centerName":"ICON-EU", "subcenter":255, "refTime":"2021-06-22T00:00:00.000Z", "significanceOfRT":1, "significanceOfRTName":"Start of forecast", "productStatus":0, "productStatusName":"Operational products", "productType":1, "productTypeName":"Forecast products", "productDefinitionTemplate":0, "productDefinitionTemplateName":"Analysis/forecast at horizontal level/layer at a point in time", "parameterCategory":2, "parameterCategoryName":"Momentum", "parameterNumber":3, "parameterNumberName":"V-component_of_wind", "parameterUnit":"m.s-1", "genProcessType":2, "genProcessTypeName":"Forecast", "forecastTime":6120, "surface1Type":103, "surface1TypeName":"Specified height level above ground", "surface1Value":10.0, "surface2Type":255, "surface2TypeName":"Missing", "surface2Value":-9.999E-252, "gridDefinitionTemplate":0, "gridDefinitionTemplateName":"Latitude_Longitude", "numberPoints":16929, "shape":6, "shapeName":"Earth spherical with radius of 6,371,229.0 m", "gridUnits":"degrees", "resolution":48, "winds":"true", "scanMode":64, "nx":209, "ny":81, "basicAngle":0, "lo1":0.0, "la1":40.0, "lo2":13.0, "la2":45.0, "dx":0.0625, "dy":0.0625 }, "data":
[rows 26 to 51 of 81, columns 57 to 113 of 209]
2.290514,1.9409046,1.6332874,1.337389,1.0473499,0.76512337,0.46531868,0.16942024,-0.14405632,-0.42725945,-0.70362663,-0.9360485,-1.122572,-1.2817516,-1.4028454,-1.5171032,-1.6186657,-1.7212048,-1.8335094,-1.950697,-2.0766735,-2.2085094,-2.3354626,-2.4624157,-2.575697,-2.6831188,-2.7778454,-2.850111,-2.9116344,-2.9477673,-2.9721813,-2.9799938,-2.9770641,-2.9653454,-2.943861,-2.9155407,-2.8891735,-2.8598766,-2.843275,-2.8227673,-2.8090954,-2.7915173,-2.7583141,-2.716322,-2.6508923,-2.5835094,-2.5112438,-2.4467907,-2.3784313,-2.3130016,-2.2485485,-2.1928844,-2.1460094,-2.1196423,-2.115736,-2.1362438,-2.1772594
2.5395374,2.2065296,1.9125843,1.6235218,1.3705921,1.080553,0.76805305,0.42527962,0.08543587,-0.2358532,-0.5171032,-0.7309704,-0.91456413,-1.0385876,-1.1518688,-1.2553844,-1.3608532,-1.4731579,-1.5932751,-1.7212048,-1.8579235,-1.9917126,-2.1284313,-2.2534313,-2.379408,-2.4878063,-2.584486,-2.662611,-2.723158,-2.7622204,-2.7885876,-2.7983532,-2.7983532,-2.7934704,-2.780775,-2.7612438,-2.7417126,-2.7212048,-2.70265,-2.6811657,-2.6723766,-2.646986,-2.615736,-2.5571423,-2.5034313,-2.4389782,-2.3862438,-2.3266735,-2.270033,-2.200697,-2.1323376,-2.062025,-2.013197,-1.9790173,-1.9790173,-1.9946423,-2.0473766
2.681139,2.3744984,2.1215687,1.8696156,1.634264,1.3432484,0.99266243,0.63328743,0.26512337,-0.03858757,-0.30518913,-0.51026726,-0.6528454,-0.77393913,-0.88331413,-0.9858532,-1.1147594,-1.2368298,-1.3764782,-1.5190563,-1.6577282,-1.7983532,-1.9321423,-2.0659313,-2.1880016,-2.3003063,-2.396986,-2.4721813,-2.530775,-2.5717907,-2.5942516,-2.6079235,-2.6147594,-2.615736,-2.6128063,-2.6049938,-2.5874157,-2.5698376,-2.5493298,-2.521986,-2.5034313,-2.466322,-2.4311657,-2.3784313,-2.32765,-2.2739391,-2.2290173,-2.187025,-2.1391735,-2.0805798,-2.01515,-1.9380016,-1.8803844,-1.8442516,-1.8305798,-1.8383923,-1.8647594
2.7475452,2.4916859,2.2700062,2.0453968,1.7739124,1.446764,1.0981312,0.7231312,0.40281868,0.14305305,-0.063978195,-0.22218132,-0.35401726,-0.47608757,-0.60694695,-0.75245476,-0.9184704,-1.0708141,-1.2309704,-1.3774548,-1.5229626,-1.6596813,-1.7934704,-1.9223766,-2.0395641,-2.1421032,-2.2260876,-2.2934704,-2.3422985,-2.3755016,-2.3999157,-2.4135876,-2.4223766,-2.4272594,-2.4292126,-2.419447,-2.405775,-2.3823376,-2.3608532,-2.3383923,-2.3149548,-2.2895641,-2.263197,-2.2221813,-2.178236,-2.1215954,-2.0659313,-2.0581188,-2.0415173,-1.9672985,-1.935072,-1.8715954,-1.8042126,-1.7544079,-1.7153454,-1.7055798,-1.6889782
2.7065296,2.5327015,2.314928,2.064928,1.7670765,1.4477406,1.0903187,0.78856087,0.5375843,0.33348274,0.17625618,0.046373367,-0.09327507,-0.25050163,-0.41749382,-0.6128063,-0.8003063,-0.97706413,-1.1499157,-1.3110485,-1.4565563,-1.5874157,-1.7133923,-1.8325329,-1.9340954,-2.0171032,-2.082533,-2.1264782,-2.1567516,-2.1899548,-2.2085094,-2.2260876,-2.2358532,-2.240736,-2.2358532,-2.2290173,-2.209486,-2.191908,-2.1674938,-2.155775,-2.1411266,-2.1255016,-2.098158,-2.053236,-2.006361,-1.9233532,-1.919447,-1.9633923,-1.9555798,-1.9057751,-1.9008923,-1.8950329,-1.8296032,-1.763197,-1.6919079,-1.6391735,-1.5864391
2.5746937,2.455553,2.2602406,2.002428,1.7065296,1.4106312,1.1293812,0.9106312,0.71043587,0.5532093,0.4077015,0.25438118,0.07176399,-0.13624382,-0.34327507,-0.5581188,-0.7485485,-0.9360485,-1.1137829,-1.2895641,-1.4253063,-1.553236,-1.6655407,-1.7622204,-1.8374157,-1.8950329,-1.9311657,-1.9633923,-1.9829235,-2.013197,-2.0395641,-2.062025,-2.0766735,-2.0835094,-2.0747204,-2.0659313,-2.0395641,-2.0317516,-1.981947,-1.9721813,-1.9458141,-1.9380016,-1.9155407,-1.8774548,-1.8608532,-1.8159313,-1.8452282,-1.9047985,-1.9204235,-1.9008923,-1.9028454,-1.9028454,-1.8608532,-1.794447,-1.7085094,-1.6372204,-1.5776501
2.433092,2.370592,2.2065296,1.9789906,1.721178,1.493639,1.2817249,1.1196156,0.93504524,0.78074837,0.54930305,0.3500843,0.10106087,-0.14112663,-0.3735485,-0.553236,-0.72901726,-0.90870476,-1.0932751,-1.2514782,-1.3862438,-1.4946423,-1.584486,-1.6528454,-1.6997204,-1.7329235,-1.7583141,-1.7807751,-1.8130016,-1.8598766,-1.9018688,-1.9448376,-1.9643688,-1.9780407,-1.966322,-1.9497204,-1.9087048,-1.8637829,-1.7778454,-1.7485485,-1.709486,-1.7221813,-1.7212048,-1.7583141,-1.7954235,-1.8510876,-1.8989391,-1.9624157,-1.9985485,-2.021986,-1.9809704,-1.943861,-1.8833141,-1.7729626,-1.6928844,-1.622572,-1.5454235
2.2358265,2.250475,2.1537952,1.9975452,1.799303,1.6547718,1.4731312,1.2953968,1.0610218,0.82859993,0.51805305,0.26024055,-0.012220383,-0.23878288,-0.412611,-0.5737438,-0.68507195,-0.8374157,-1.0083141,-1.1255016,-1.2758923,-1.3715954,-1.4419079,-1.4887829,-1.5210094,-1.5464001,-1.568861,-1.600111,-1.6421032,-1.7016735,-1.7573376,-1.810072,-1.8296032,-1.8481579,-1.8335094,-1.818861,-1.7700329,-1.7309704,-1.6840954,-1.6567516,-1.6547985,-1.678236,-1.7358532,-1.8217907,-1.9047985,-2.0073376,-2.0747204,-2.1430798,-2.1499157,-2.1421032,-2.0903454,-2.0112438,-1.8911266,-1.7680798,-1.6196423,-1.5337048,-1.4458141
2.042467,2.1157093,2.094225,1.9760609,1.8383656,1.6381702,1.4389515,1.1869984,0.89305305,0.60106087,0.31785774,0.09422493,-0.11378288,-0.2436657,-0.37061882,-0.46827507,-0.58057976,-0.68702507,-0.81983757,-0.9253063,-1.0747204,-1.1733532,-1.240736,-1.2905407,-1.3286266,-1.3667126,-1.396986,-1.4448376,-1.4926891,-1.5678844,-1.6333141,-1.6967907,-1.7309704,-1.7583141,-1.7602673,-1.7602673,-1.7339001,-1.7182751,-1.6928844,-1.6958141,-1.7085094,-1.7602673,-1.8266735,-1.919447,-2.0053844,-2.0893688,-2.145033,-2.1743298,-2.1743298,-2.145033,-2.084486,-1.9926891,-1.8559704,-1.7172985,-1.5727673,-1.4409313,-1.3247204
1.8500843,1.8969593,1.8891468,1.774889,1.6215687,1.3764515,1.1323109,0.82762337,0.5844593,0.32078743,0.14793587,-0.01124382,-0.11378288,-0.20655632,-0.28956413,-0.3921032,-0.49561882,-0.6079235,-0.71827507,-0.82765007,-0.9360485,-1.0395641,-1.1098766,-1.1753063,-1.2309704,-1.2807751,-1.325697,-1.3960094,-1.4672985,-1.5581188,-1.6323376,-1.7104626,-1.7573376,-1.7905407,-1.8090954,-1.8139782,-1.8012829,-1.7905407,-1.7729626,-1.7797985,-1.7983532,-1.8432751,-1.9018688,-1.9731579,-2.0346813,-2.0786266,-2.093275,-2.0796032,-2.0415173,-1.9956188,-1.9399548,-1.8676891,-1.778822,-1.6616344,-1.5258923,-1.3794079,-1.2397594
1.5004749,1.5102406,1.4633656,1.3354359,1.134264,0.931139,0.6889515,0.47703743,0.2983265,0.15281868,0.061021805,-0.040540695,-0.10206413,-0.20753288,-0.30225945,-0.42530632,-0.54737663,-0.66651726,-0.7768688,-0.88038445,-0.9565563,-1.037611,-1.1040173,-1.1801891,-1.256361,-1.3403454,-1.4184704,-1.5024548,-1.5786266,-1.6616344,-1.7260876,-1.7895641,-1.8325329,-1.8589001,-1.8618298,-1.8618298,-1.8549938,-1.841322,-1.8227673,-1.8247204,-1.8374157,-1.8706188,-1.9067516,-1.9428844,-1.9682751,-1.9672985,-1.9370251,-1.8706188,-1.8198376,-1.7817516,-1.747572,-1.7212048,-1.6723766,-1.6079235,-1.5102673,-1.3784313,-1.2309704
1.1684437,1.1332874,1.0844593,0.95359993,0.80711555,0.6049671,0.4389515,0.27879524,0.18016243,0.080553055,-5.016327E-4,-0.118665695,-0.21827507,-0.36964226,-0.49464226,-0.63331413,-0.7514782,-0.8637829,-0.95265007,-1.0278454,-1.0922985,-1.1528454,-1.2212048,-1.2954235,-1.3862438,-1.4848766,-1.5825329,-1.669447,-1.7426891,-1.794447,-1.8403454,-1.865736,-1.8872204,-1.872572,-1.8559704,-1.8354626,-1.818861,-1.8022594,-1.794447,-1.7964001,-1.8081188,-1.8266735,-1.8432751,-1.8481579,-1.8237438,-1.7710094,-1.709486,-1.6206188,-1.5503063,-1.528822,-1.5522594,-1.5512829,-1.5327282,-1.5044079,-1.4301891,-1.3422985,-1.2036266
0.80418587,0.68699837,0.58055305,0.4077015,0.29246712,0.15574837,0.092271805,0.022935867,-0.020032883,-0.09034538,-0.17530632,-0.30518913,-0.44581413,-0.60694695,-0.75050163,-0.881361,-0.9809704,-1.068861,-1.1372204,-1.1977673,-1.256361,-1.3139782,-1.3833141,-1.4604626,-1.5503063,-1.6430798,-1.7299938,-1.7973766,-1.8549938,-1.8823376,-1.8989391,-1.9008923,-1.8823376,-1.8364391,-1.7964001,-1.7583141,-1.7358532,-1.7299938,-1.7329235,-1.740736,-1.7514782,-1.7573376,-1.7514782,-1.7182751,-1.6401501,-1.5512829,-1.450697,-1.3667126,-1.3012829,-1.2807751,-1.3178844,-1.3452282,-1.3647594,-1.3549938,-1.3217907,-1.2524548,-1.1733532
0.35399055,0.10887337,-0.016126633,-0.15870476,-0.20362663,-0.22218132,-0.19288445,-0.19776726,-0.20948601,-0.28565788,-0.39015007,-0.53858757,-0.6997204,-0.85401726,-0.9887829,-1.0922985,-1.1723766,-1.2417126,-1.2924938,-1.3510876,-1.4077282,-1.4721813,-1.5434704,-1.6186657,-1.6987438,-1.7710094,-1.8325329,-1.8735485,-1.8940563,-1.9008923,-1.8862438,-1.8715954,-1.8169079,-1.7622204,-1.7065563,-1.6723766,-1.6587048,-1.6557751,-1.6704235,-1.6840954,-1.6909313,-1.6909313,-1.6587048,-1.5991344,-1.497572,-1.3764782,-1.2602673,-1.1528454,-1.1089001,-1.1040173,-1.1196423,-1.1528454,-1.2104626,-1.2153454,-1.2505016,-1.2231579,-1.1831188
-0.2983532,-0.45557976,-0.46436882,-0.49659538,-0.443861,-0.39796257,-0.33839226,-0.334486,-0.381361,-0.47608757,-0.615736,-0.77296257,-0.9340954,-1.0678844,-1.1889782,-1.2690563,-1.3510876,-1.4047985,-1.4712048,-1.528822,-1.5942516,-1.6635876,-1.7368298,-1.8081188,-1.8745251,-1.9214001,-1.9526501,-1.9536266,-1.935072,-1.903822,-1.8598766,-1.803236,-1.7368298,-1.6889782,-1.6450329,-1.6167126,-1.6089001,-1.6215954,-1.6333141,-1.6421032,-1.6616344,-1.6460094,-1.5971813,-1.5258923,-1.4028454,-1.2856579,-1.1587048,-1.0581188,-1.0424938,-1.0796032,-1.1030407,-1.1792126,-1.278822,-1.3676891,-1.4321423,-1.4301891,-1.3794079
-0.7016735,-0.6889782,-0.6753063,-0.6264782,-0.55225945,-0.5014782,-0.46632195,-0.49952507,-0.58057976,-0.71339226,-0.8715954,-1.0297985,-1.1860485,-1.3042126,-1.4116344,-1.4995251,-1.5766735,-1.6421032,-1.7075329,-1.7661266,-1.8354626,-1.8930798,-1.959486,-2.006361,-2.0464,-2.062025,-2.0483532,-2.004408,-1.9546032,-1.8901501,-1.8237438,-1.7671032,-1.7055798,-1.669447,-1.6352673,-1.622572,-1.615736,-1.6264782,-1.6489391,-1.662611,-1.678236,-1.6567516,-1.5747204,-1.4731579,-1.3354626,-1.2378063,-1.1352673,-1.1352673,-1.1665173,-1.2827282,-1.356947,-1.5356579,-1.6831188,-1.8227673,-1.8540173,-1.8296032,-1.7241344
-0.85987663,-0.8159313,-0.76515007,-0.6919079,-0.6450329,-0.615736,-0.63233757,-0.7172985,-0.8452282,-1.0171032,-1.2153454,-1.388197,-1.5659313,-1.6821423,-1.803236,-1.8715954,-1.9467907,-1.9946423,-2.0522594,-2.0952282,-2.1333141,-2.1674938,-2.1831188,-2.1977673,-2.1899548,-2.1587048,-2.1089,-2.0239391,-1.9604626,-1.8823376,-1.8208141,-1.756361,-1.7036266,-1.6596813,-1.6401501,-1.6372204,-1.6587048,-1.6811657,-1.6997204,-1.7046032,-1.6899548,-1.6264782,-1.5083141,-1.3979626,-1.2964001,-1.2358532,-1.2446423,-1.3960094,-1.537611,-1.7612438,-1.9223766,-2.146986,-2.2378063,-2.3393688,-2.2934704,-2.176283,-2.0542126
-0.9497204,-0.87452507,-0.78370476,-0.72413445,-0.6967907,-0.70850945,-0.78956413,-0.9340954,-1.115736,-1.3432751,-1.553236,-1.7505016,-1.9087048,-2.037611,-2.1440563,-2.231947,-2.3042126,-2.3598766,-2.3921032,-2.4184704,-2.4253063,-2.4214,-2.3940563,-2.3686657,-2.3217907,-2.2417126,-2.1421032,-2.0405407,-1.9712048,-1.8921032,-1.8305798,-1.7553844,-1.6840954,-1.631361,-1.6030407,-1.6206188,-1.6645641,-1.693861,-1.7212048,-1.6801891,-1.631361,-1.5405407,-1.4360485,-1.3628063,-1.3696423,-1.4145641,-1.5473766,-1.8208141,-2.0415173,-2.2729626,-2.4253063,-2.5092907,-2.4868298,-2.4868298,-2.3715954,-2.2485485,-2.1499157
-1.0092907,-0.8940563,-0.7612438,-0.7153454,-0.7172985,-0.7797985,-0.92432976,-1.1303844,-1.3452282,-1.5903454,-1.8022594,-1.990736,-2.1596813,-2.3247204,-2.4790173,-2.6030407,-2.7036266,-2.7583141,-2.7905407,-2.7964,-2.7846813,-2.763197,-2.718275,-2.6587048,-2.57765,-2.4243298,-2.2553844,-2.1118298,-2.0034313,-1.8901501,-1.8051891,-1.7124157,-1.6372204,-1.584486,-1.5708141,-1.584486,-1.622572,-1.6567516,-1.6430798,-1.6059704,-1.513197,-1.4604626,-1.3999157,-1.4272594,-1.5766735,-1.7309704,-1.9731579,-2.185072,-2.3715954,-2.459486,-2.4643688,-2.4184704,-2.2983532,-2.2426891,-2.131361,-2.0659313,-2.004408
-1.0512829,-0.850111,-0.6811657,-0.64307976,-0.68800163,-0.8217907,-1.0180798,-1.2622204,-1.4917126,-1.7465954,-1.9624157,-2.1899548,-2.4174938,-2.613783,-2.8374157,-2.9985485,-3.1118298,-3.1880016,-3.2212048,-3.2299938,-3.2202282,-3.1889782,-3.1206188,-3.0493298,-2.8872204,-2.678236,-2.4790173,-2.3090954,-2.1645641,-2.0473766,-1.943861,-1.8637829,-1.7885876,-1.7573376,-1.7436657,-1.7485485,-1.756361,-1.7387829,-1.669447,-1.5952282,-1.4692516,-1.4419079,-1.4985485,-1.6079235,-1.8090954,-1.9565563,-2.1577282,-2.2339,-2.270033,-2.1372204,-2.0483532,-1.8852673,-1.8383923,-1.7915173,-1.8354626,-1.8686657,-1.9165173
-0.97608757,-0.7172985,-0.5561657,-0.5893688,-0.7046032,-0.9096813,-1.1596813,-1.4487438,-1.7270641,-2.0297985,-2.2846813,-2.5473766,-2.7915173,-2.9946423,-3.216322,-3.3862438,-3.5190563,-3.6098766,-3.6655407,-3.691908,-3.6987438,-3.6684704,-3.5581188,-3.4028454,-3.2143688,-2.9809704,-2.7827282,-2.6059704,-2.466322,-2.3227673,-2.223158,-2.1059704,-2.0434704,-1.9546032,-1.9311657,-1.8940563,-1.8383923,-1.7221813,-1.5922985,-1.4897594,-1.4253063,-1.5083141,-1.6196423,-1.7651501,-1.8852673,-1.9243298,-1.9458141,-1.8051891,-1.6928844,-1.4692516,-1.4233532,-1.3149548,-1.3715954,-1.4897594,-1.6919079,-1.8471813,-2.0239391
-0.8764782,-0.52100945,-0.443861,-0.55421257,-0.78077507,-1.0698376,-1.4018688,-1.747572,-2.0639782,-2.3803844,-2.6499157,-2.9184704,-3.155775,-3.3872204,-3.6049938,-3.7827282,-3.9311657,-4.0337048,-4.1089,-4.157728,-4.1743298,-4.115736,-3.9555798,-3.7505016,-3.530775,-3.3081188,-3.0903454,-2.919447,-2.7514782,-2.6196423,-2.450697,-2.332533,-2.1596813,-2.0571423,-1.9799938,-1.8715954,-1.7339001,-1.5112438,-1.3403454,-1.2885876,-1.3325329,-1.450697,-1.584486,-1.6176891,-1.5473766,-1.4712048,-1.2426891,-1.0864391,-0.9311657,-0.8090954,-0.85206413,-0.95557976,-1.2768688,-1.5278454,-1.8442516,-2.0590954,-2.216322
-0.60401726,-0.4047985,-0.44776726,-0.5796032,-0.93995476,-1.3305798,-1.7426891,-2.0971813,-2.4301891,-2.7192516,-2.9839,-3.2436657,-3.488783,-3.7426891,-3.957533,-4.1440563,-4.270033,-4.3598766,-4.4360485,-4.479994,-4.4624157,-4.365736,-4.162611,-3.9340954,-3.6723766,-3.4253063,-3.2309704,-3.0542126,-2.8803844,-2.7212048,-2.5005016,-2.2973766,-2.0454235,-1.8618298,-1.8520641,-1.8042126,-1.3061657,-0.98975945,-0.84132195,-1.0796032,-1.3081188,-1.3667126,-1.3003063,-1.0922985,-1.0659313,-0.84425163,-0.59913445,-0.6079235,-0.57569695,-0.66456413,-0.87745476,-1.2339001,-1.5620251,-1.9184704,-2.1674938,-2.2348766,-2.3422985
-0.9174938,-0.48194695,-0.37745476,-0.67921257,-1.1811657,-1.6479626,-2.0737438,-2.4155407,-2.731947,-2.9897594,-3.26515,-3.5190563,-3.780775,-4.0405407,-4.2436657,-4.405775,-4.4721813,-4.5464,-4.5766735,-4.5766735,-4.539564,-4.3755016,-4.138197,-3.874525,-3.5737438,-3.3422985,-3.1264782,-2.9672985,-2.8159313,-2.5903454,-2.3198376,-2.0053844,-1.6909313,-1.4897594,-1.3491344,-1.2749157,-0.787611,-0.55421257,-0.6294079,-0.9331188,-1.2592907,-1.4409313,-1.1596813,-0.9077282,-0.63526726,-0.44874382,-0.45265007,-0.68018913,-0.7172985,-0.9985485,-1.2749157,-1.6596813,-1.9887829,-2.2368298,-2.3335094,-2.3540173,-2.3022594
-1.356947,-0.4672985,-0.350111,-0.8217907,-1.3510876,-1.8774548,-2.3305798,-2.7085094,-3.0239391,-3.3139782,-3.5590954,-3.8110485,-4.0415173,-4.256361,-4.4096813,-4.4946423,-4.4917126,-4.5464,-4.553236,-4.4965954,-4.372572,-4.2192516,-3.9399548,-3.6430798,-3.3237438,-3.0473766,-2.8530407,-2.7983532,-2.575697,-2.490736,-2.0581188,-1.7221813,-1.5092907,-1.4145641,-1.2309704,-0.92237663,-0.56202507,-0.7612438,-0.69776726,-0.61475945,-1.0561657,-1.4760876,-1.2749157,-1.0405407,-0.7358532,-0.57765007,-1.084486,-1.1665173,-1.3393688,-1.2553844,-1.4614391,-1.9887829,-2.2085094,-2.3774548,-2.3940563,-2.3266735,-2.3520641
-1.4809704,-0.8764782,-0.51319695,-0.7846813,-1.4858532,-2.07765,-2.5766735,-2.9633923,-3.2993298,-3.5297985,-3.7436657,-3.9243298,-4.0971813,-4.2573376,-4.352064,-4.379408,-4.383314,-4.419447,-4.39015,-4.285658,-4.151869,-4.0464,-3.7612438,-3.3803844,-2.9311657,-2.5903454,-2.5180798,-2.6674938,-2.2133923,-1.8432751,-1.8862438,-1.7046032,-1.7544079,-1.5737438,-1.1089001,-1.0669079,-0.86671257,-0.78858757,-0.74757195,-0.8784313,-0.9360485,-1.0464001,-1.0786266,-1.0835094,-0.8422985,-0.709486,-0.6528454,-0.943861,-0.91456413,-0.959486,-1.0512829,-1.9204235,-2.2817516,-2.4028454,-2.2924938,-2.2924938,-2.2065563
