wind-global.json
{"header": { "discipline":0, "disciplineName":"Meteorological products", "gribEdition":2, "gribLength":24793, "center":78, "centerName":"ICON-EU2", "subcenter":255, "refTime":"2021-06-22T00:00:00.000Z", "significanceOfRT":1, "significanceOfRTName":"Start of forecast", "productStatus":0, "productStatusName":"Operational products", "productType":1, "productTypeName":"Forecast products", "productDefinitionTemplate":0, "productDefinitionTemplateName":"Analysis/forecast at horizontal level/layer at a point in time", "parameterCategory":2, "parameterCategoryName":"Momentum", "parameterNumber":2, "parameterNumberName":"U-component_of_wind", "parameterUnit":"m.s-1", "genProcessType":2, "genProcessTypeName":"Forecast", "forecastTime":6120, "surface1Type":103, "surface1TypeName":"Specified height level above ground", "surface1Value":10.0, "surface2Type":255, "surface2TypeName":"Missing", "surface2Value":-9.999E-252, "gridDefinitionTemplate":0, "gridDefinitionTemplateName":"Latitude_Longitude", "numberPoints":16929, "shape":6, "shapeName":"Earth spherical with radius of 6,371,229.0 m", "gridUnits":"degrees", "resolution":48, "winds":"true", "scanMode":64, "nx":209, "ny":81, "basicAngle":0, "lo1":0.0, "la1":40.0, "lo2":13.0, "la2":45.0, "dx":0.0625, "dy":0.0625 }, "data":
[rows 50 to 74 of 81, columns 116 to 173 of 209]
0.0770874,0.10345459,0.17718506,0.35784912,0.7543335,1.2543335,1.7269897,2.1474,2.5214233,2.8568726,3.2103882,3.5316772,3.777771,3.9140015,3.8759155,3.6801147,3.5453491,3.470642,3.4437866,3.4891968,3.493103,3.4828491,3.4828491,3.5009155,3.6381226,3.7684937,3.7494507,3.4940796,2.8012085,2.0888062,1.406189,0.32269287,-1.0010376,-2.1514282,-2.515686,-2.1607056,-1.7676392,-1.4805298,-1.4663696,-1.5874634,-1.8047485,-2.1587524,-2.4673462,-2.7139282,-2.9053345,-3.0332642,-3.0679321,-2.9717407,-2.805725,-2.5552368,-2.19635,-1.885315,-1.6616821,-1.2417603,-0.64312744,-0.29156494,-0.29205322,-0.55181885
0.16107178,0.061950684,-0.047424316,-0.1026001,0.07269287,0.3300171,0.5048218,0.8583374,1.2411499,1.6517944,2.069275,2.4476929,2.7870483,3.039978,3.1434937,3.1434937,3.0717163,3.0160522,2.9823608,3.0922241,3.2035522,3.2958374,3.3554077,3.4276733,3.531189,3.6859741,3.7894897,3.6913452,3.298767,2.6620483,1.7245483,0.47943115,-0.7984009,-2.1904907,-2.3672485,-2.015686,-1.7432251,-1.4990845,-1.4365845,-1.5923462,-1.7852173,-2.0322876,-2.2573853,-2.456604,-2.6948853,-2.916565,-3.0757446,-3.128479,-3.0547485,-2.8164673,-2.4170532,-2.1519165,-2.0708618,-1.6152954,-0.83258057,-0.40338135,-0.644104,-0.8574829
0.59368896,0.56048584,0.3607788,0.113220215,-0.16070557,-0.24029541,-0.49517822,-0.6836548,-0.4126587,0.10394287,0.6967163,1.249939,1.6835327,2.0292358,2.28656,2.4725952,2.555603,2.5394897,2.5673218,2.671814,2.855896,3.0482788,3.1884155,3.3217163,3.4281616,3.5731812,3.739685,3.7230835,3.4227905,2.9364624,2.1503296,1.039978,-0.3706665,-1.3379517,-1.6240845,-1.7124634,-1.5855103,-1.4805298,-1.4902954,-1.546936,-1.659729,-1.788147,-1.8804321,-2.0645142,-2.3423462,-2.6729126,-2.9800415,-3.1592407,-3.2075806,-3.041565,-2.6079712,-2.2857056,-2.0967407,-1.7857056,-1.206604,-0.6807251,-0.77545166,-0.8779907
1.270935,1.2982788,1.1552124,0.7601929,0.113708496,-0.5220337,-1.1167603,-1.6611938,-1.6890259,-1.3394165,-0.9180298,-0.25738525,0.4491577,0.97210693,1.3720093,1.6635132,1.8456421,2.0028687,2.13031,2.2738647,2.487732,2.739685,2.9730835,3.152771,3.3095093,3.4672241,3.5853882,3.55365,3.288025,2.9154663,2.359314,1.4989624,0.42767334,-0.38580322,-0.8233032,-0.9829712,-1.0859985,-1.1690063,-1.27594,-1.3989868,-1.4614868,-1.4268188,-1.3511353,-1.5479126,-1.9087524,-2.2559204,-2.711975,-3.125061,-3.038147,-2.9400024,-2.512268,-2.2036743,-1.9522095,-1.7075806,-1.3364868,-1.0601196,-1.0479126,-0.9463501
1.8348999,1.9403687,1.9662476,1.6278687,0.9476929,-0.14849854,-1.2422485,-2.1460571,-2.7695923,-2.531311,-2.1397095,-1.8096313,-1.0147095,-0.1338501,0.48138428,0.9291382,1.2538452,1.4960327,1.708435,1.9237671,2.1757202,2.4476929,2.7225952,2.9559937,3.1469116,3.3256226,3.414978,3.3275757,3.1102905,2.8461304,2.5717163,2.018982,1.2919312,0.6679077,0.25872803,0.06488037,-0.1338501,-0.41168213,-0.7085571,-0.925354,-1.0176392,-0.8999634,-0.67388916,-0.74713135,-1.2798462,-1.9590454,-2.4526978,-2.6499634,-2.7124634,-2.2720337,-1.741272,-1.3023071,-1.0855103,-1.0435181,-0.7036743,-0.45367432,-0.42486572,-0.5869751
2.3700562,2.5482788,2.7299194,2.612732,1.9872437,0.8187866,-0.769104,-2.1880493,-3.0923462,-3.4102173,-3.1143188,-2.7700806,-2.2920532,-1.385315,-0.52789307,0.12054443,0.6571655,1.012146,1.3290405,1.6229858,1.9032593,2.1952515,2.4555054,2.7182007,2.9266968,3.0805054,3.1415405,3.0756226,2.9594116,2.7997437,2.6234741,2.406189,2.0541382,1.578064,1.2255249,0.98431396,0.7098999,0.49212646,0.1762085,-0.30181885,-0.47564697,-0.24420166,0.055603027,0.137146,-0.44586182,-1.4995728,-2.2051392,-2.2837524,-2.3067017,-1.9663696,-1.1768188,-0.7661743,-0.83599854,-0.850647,-0.13287354,0.022399902,0.10491943,0.168396
2.126892,2.543396,2.895935,3.018982,2.7870483,1.8856812,0.36663818,-1.4439087,-2.843811,-3.576233,-3.703186,-3.4082642,-3.2075806,-2.621643,-1.6001587,-0.73638916,-0.058654785,0.49993896,0.9286499,1.3046265,1.6029663,1.9359741,2.1913452,2.4144897,2.6171265,2.7548218,2.8285522,2.8432007,2.802185,2.7489624,2.7333374,2.6708374,2.55365,2.3373413,2.0668335,1.7338257,1.484314,1.2997437,1.0907593,0.6508179,0.28118896,0.43548584,0.83636475,0.8226929,-0.28131104,-1.5859985,-2.1192017,-2.3169556,-2.3623657,-1.8980103,-1.1748657,-0.77789307,-0.8242798,-0.6831665,-0.19488525,-0.16461182,0.14398193,0.14251709
1.6532593,2.064392,2.5360718,2.8622437,2.99115,2.5809937,1.4515991,-0.12164307,-1.8555298,-3.2124634,-4.005432,-4.104553,-3.678772,-3.4302368,-2.6895142,-1.7427368,-0.8867798,-0.06060791,0.5463257,0.9545288,1.2963257,1.5736694,1.8544312,2.0492554,2.2142944,2.3734741,2.4784546,2.550232,2.586853,2.6654663,2.7338257,2.819275,2.8256226,2.7606812,2.5941772,2.3700562,2.1674194,2.0199585,1.8168335,1.4765015,1.1600952,1.1361694,1.3256226,1.0282593,-0.8335571,-2.1743774,-2.8008423,-2.9736938,-2.734436,-2.1743774,-1.6050415,-1.4385376,-1.444397,-1.1763306,-0.64556885,-0.17926025,0.13421631,-0.047912598
1.0341187,1.4677124,2.0263062,2.3895874,2.602478,2.5375366,1.9232788,0.96429443,-0.4981079,-2.1148071,-3.498108,-4.152893,-4.1323853,-3.4644165,-3.1773071,-2.6235962,-1.7080688,-0.8677368,0.07611084,0.61761475,0.9418335,1.1879272,1.4315796,1.6361694,1.7836304,1.927185,2.0756226,2.205017,2.3480835,2.4916382,2.6464233,2.7792358,2.8519897,2.8607788,2.8236694,2.690857,2.5414429,2.4647827,2.345642,2.2011108,2.0097046,1.7782593,1.6327515,0.51849365,-1.6587524,-2.9732056,-3.5269165,-3.444397,-3.081604,-2.2632446,-2.1880493,-2.1860962,-2.0518188,-1.6958618,-1.0430298,-0.48101807,-0.29058838,-0.39508057
0.35882568,0.67230225,1.3373413,1.7045288,1.8339233,1.7831421,1.5692749,1.3412476,0.6420288,-0.7710571,-2.385315,-3.5166626,-3.8740845,-3.6367798,-3.597229,-3.0151978,-2.3311157,-1.4282837,-0.63482666,0.19769287,0.5614624,0.7382202,0.92962646,1.1034546,1.3060913,1.4818726,1.6723022,1.8495483,2.0492554,2.253357,2.4301147,2.5609741,2.66156,2.739685,2.7333374,2.7294312,2.6947632,2.6298218,2.5629272,2.4457397,2.4437866,2.5302124,1.8744507,-0.11187744,-2.1992798,-3.3965454,-3.68219,-3.5650024,-2.9585571,-2.265686,-2.041565,-2.1016235,-1.7866821,-1.3584595,-0.9146118,-0.62994385,-0.18463135,-0.14361572
0.1473999,0.6029663,0.79486084,0.8173218,0.4574585,0.43499756,0.59124756,0.9750366,0.9867554,0.41497803,-0.9932251,-2.5117798,-3.315979,-3.703186,-3.4243774,-3.2681274,-2.7866821,-2.0195923,-1.2075806,-0.2822876,0.20306396,0.39886475,0.5048218,0.60980225,0.7821655,0.99993896,1.230896,1.4974976,1.7323608,1.9472046,2.1366577,2.2445679,2.3236694,2.3900757,2.4887085,2.5863647,2.6332397,2.614685,2.6234741,2.618103,2.6073608,2.6972046,1.9540405,0.16888428,-1.7661743,-2.979065,-3.2505493,-3.1758423,-2.5835571,-2.1016235,-1.8687134,-1.5088501,-1.2964478,-0.8809204,-0.50445557,-0.3291626,-0.031799316,-0.065979004
0.018981934,0.19281006,0.45794678,0.53900146,0.40325928,0.041931152,-5.493164E-4,0.34075928,0.9227905,1.0126343,0.14251709,-1.3828735,-2.6309204,-3.1343384,-3.2627563,-2.9380493,-2.4649048,-2.175354,-1.484436,-1.0054321,-0.44537354,0.02532959,0.17962646,0.28118896,0.3690796,0.5668335,0.75823975,1.0204468,1.2904663,1.5097046,1.7103882,1.7689819,1.840271,1.9242554,2.112732,2.3358765,2.427185,2.4120483,2.4188843,2.368103,2.4682007,2.364685,1.3798218,-0.5142212,-2.003479,-2.8330688,-2.9087524,-2.8325806,-2.3218384,-1.897522,-1.7075806,-1.1983032,-1.0444946,-0.85406494,-0.29449463,0.10687256,0.06781006,-0.19342041
0.0038452148,-0.0010375977,0.21966553,0.4003296,0.46185303,0.41351318,0.08685303,-0.12359619,0.19329834,0.105407715,-0.14605713,-0.026428223,-0.8233032,-1.6958618,-2.250061,-2.5508423,-2.2388306,-1.9458618,-1.9204712,-1.4512329,-1.0440063,-0.59625244,-0.24371338,-0.07672119,-0.013244629,0.09173584,0.28753662,0.45013428,0.66937256,0.85150146,1.0350952,1.0751343,1.2875366,1.3344116,1.8168335,2.0282593,2.1542358,2.1415405,2.0639038,1.7958374,1.5941772,0.84710693,-0.19927979,-0.96832275,-2.0425415,-2.2993774,-2.1279907,-1.7529907,-1.3247681,-0.9717407,-0.95269775,-0.80963135,-0.57281494,-0.35699463,-0.02935791,0.32904053,0.051696777,-0.5420532
-0.581604,-0.67633057,-0.2901001,0.07513428,0.25775146,0.41448975,0.13519287,-0.25250244,-0.2666626,-0.4258423,-0.39068604,0.19476318,0.03265381,-0.65045166,-1.1026001,-1.6314087,-2.2925415,-2.3599243,-1.7417603,-1.9829712,-1.8403931,-1.3936157,-1.0020142,-0.6904907,-0.51031494,-0.47369385,-0.3887329,-0.25836182,-0.13775635,0.14788818,0.35003662,0.6703491,0.8563843,1.2338257,1.4921265,1.3168335,1.1513062,0.22796631,-0.21588135,-0.9468384,-1.3701782,-1.4898071,-1.4072876,-1.1416626,-1.3189087,-1.1963501,-1.1734009,-0.7300415,-0.41607666,-0.06402588,0.3300171,0.06878662,-0.54156494,-0.42144775,0.42181396,0.63275146,0.08538818,-0.3814087
-0.33648682,-0.36090088,-0.054748535,-0.16949463,-0.55181885,-0.62750244,-0.42730713,-0.25933838,-0.40924072,-0.61676025,-0.52056885,0.026306152,0.47943115,0.32269287,-0.17974854,-1.1348267,-2.1514282,-2.5112915,-2.32135,-2.1460571,-2.2319946,-2.4346313,-1.99469,-1.6084595,-1.4292603,-1.2583618,-1.2007446,-1.072815,-0.9038696,-0.5576782,-0.19195557,0.16009521,0.3060913,0.37591553,-0.0068969727,-0.5239868,-1.3858032,-2.4585571,-2.7207642,-2.690979,-2.081604,-1.2525024,-0.9663696,-0.6201782,-0.46392822,-0.48150635,-0.34576416,0.04046631,0.37591553,0.75286865,0.8973999,0.4159546,-0.10699463,0.09906006,0.62835693,0.40570068,0.042907715,0.08050537
-0.3555298,-0.2744751,-0.032287598,-0.31207275,-0.48345947,-0.3008423,0.042907715,0.085876465,-0.3682251,-0.58013916,-0.409729,-0.097717285,0.38031006,0.74993896,0.66156006,-0.6548462,-2.1421509,-2.6690063,-2.8789673,-2.8042603,-2.9263306,-3.1558228,-2.8442993,-2.5899048,-2.381897,-2.2451782,-2.0283813,-1.7705688,-1.4492798,-1.0523071,-0.76763916,-0.71588135,-0.9907837,-1.5283813,-2.2598267,-2.8604126,-3.4502563,-3.628479,-3.4776,-2.8413696,-1.7217407,-0.97125244,-0.54693604,-0.27593994,-0.22320557,-0.2564087,0.12835693,0.58929443,0.82366943,0.7523804,0.070739746,-0.1494751,0.40667725,0.8222046,0.87298584,0.64398193,0.00970459,0.18792725
-0.61920166,-0.52301025,-0.13677979,-0.031311035,-0.34869385,-0.13482666,0.121520996,-0.14654541,-0.5322876,-0.4385376,-0.23101807,-0.08062744,0.027282715,-0.300354,-0.75201416,-1.125061,-1.5596313,-2.1582642,-2.6382446,-3.1636353,-3.3306274,-3.3428345,-3.793518,-3.4732056,-3.2564087,-3.2080688,-3.0479126,-2.9917603,-2.8486938,-2.7730103,-2.7832642,-2.9507446,-3.272522,-3.5640259,-3.8032837,-3.909729,-3.7046509,-3.3042603,-2.4942017,-1.6148071,-0.862854,-0.581604,-0.4805298,-0.42144775,-0.25006104,-0.11529541,0.2880249,0.48284912,0.8163452,0.7494507,-0.06109619,-0.12310791,0.45404053,0.7821655,0.74749756,0.29193115,0.022888184,-0.105041504
-0.09527588,-0.057678223,-0.222229,0.15081787,0.215271,0.16937256,0.028747559,-0.3008423,-0.13092041,0.06781006,0.20550537,0.08294678,-0.38580322,-0.69537354,-0.9204712,-1.0029907,-1.1133423,-1.2554321,-1.6963501,-2.2300415,-3.3945923,-4.3184204,-4.589905,-4.705139,-4.5615845,-4.465393,-4.4595337,-4.5840454,-4.574768,-4.593811,-4.395569,-4.503479,-4.7476196,-4.1904907,-3.8609009,-3.2022095,-2.46344,-2.044983,-1.4649048,-0.9351196,-0.49908447,-0.4727173,-0.5845337,-0.6226196,-0.3496704,-0.13531494,-0.065979004,0.12200928,0.42279053,0.6244507,0.6078491,0.69085693,0.5248413,0.46624756,0.15814209,-0.16265869,-0.39068604,-0.39068604
0.6786499,0.6791382,0.6869507,0.66448975,0.47991943,0.4130249,0.32659912,0.36468506,0.45941162,0.45941162,0.44866943,0.07513428,-0.51812744,-0.73638916,-0.90045166,-1.0835571,-1.1533813,-1.49469,-1.6538696,-1.7466431,-3.0181274,-4.567932,-5.392639,-5.6607056,-5.875061,-5.9556274,-6.0112915,-6.161194,-6.0288696,-5.8047485,-5.269104,-4.833069,-3.9697876,-3.3276978,-2.4204712,-1.8526001,-1.6333618,-1.3389282,-0.7959595,-0.5899048,-0.20855713,0.015075684,-0.05230713,-0.14556885,-0.16168213,-0.17388916,-0.30523682,0.15228271,0.5062866,0.5204468,0.73480225,0.54974365,0.34173584,0.08685303,0.19818115,-0.1675415,-0.28082275,0.021911621
0.7592163,0.8461304,0.9242554,0.7807007,0.67474365,0.44329834,0.10687256,0.09466553,0.01751709,0.04925537,0.12689209,-0.04058838,-0.33013916,-0.7319946,-1.0200806,-1.2383423,-1.4190063,-1.6231079,-1.5488892,-1.5508423,-2.1934204,-3.5542603,-4.9365845,-5.695862,-5.513733,-5.630432,-6.020569,-6.161194,-5.9194946,-5.135803,-3.6314087,-2.3267212,-1.2183228,-0.9014282,-0.70269775,-0.90826416,-0.9907837,-0.44049072,-0.0635376,-0.25836182,-0.07330322,0.324646,-0.08062744,-0.26617432,-0.13970947,0.168396,0.63079834,0.8890991,0.7782593,0.67718506,0.5775757,0.19525146,-0.13922119,-0.097717285,0.31195068,0.2645874,-0.144104,0.2514038
0.5541382,0.7723999,0.9755249,0.84173584,0.6810913,0.45404053,0.20892334,0.049743652,-0.034240723,-0.21832275,-0.39849854,-0.55718994,-0.7402954,-0.94488525,-1.1323853,-1.3106079,-1.4751587,-1.7485962,-1.7715454,-1.4263306,-1.5059204,-2.3306274,-3.4473267,-4.033264,-3.7681274,-3.3301392,-2.819397,-3.022522,-3.3452759,-3.3442993,-2.4605103,-1.3613892,-0.70269775,-0.20904541,-0.2720337,-0.61431885,-0.73101807,-0.20220947,0.4100952,0.37738037,0.34710693,0.2616577,-0.24420166,-0.2774048,0.65667725,0.6576538,0.5531616,0.5741577,0.66400146,0.5975952,0.16741943,-0.14068604,-0.03765869,0.2675171,0.1395874,0.06781006,0.13470459,0.6312866
0.6039429,0.9677124,1.0805054,0.73724365,0.3480835,0.34124756,0.31488037,9.1552734E-4,-0.19830322,-0.3027954,-0.5371704,-0.9404907,-1.0410767,-1.0059204,-1.0957642,-0.90338135,-0.55133057,-0.41314697,-0.7608032,-1.2793579,-1.4536743,-1.916565,-2.1763306,-1.5806274,-0.8897095,-0.20269775,-0.124572754,-0.73101807,-1.4526978,-1.894104,-1.2173462,-0.65338135,-0.5293579,-0.1519165,-0.19683838,-0.17486572,0.16644287,0.59954834,0.8085327,0.49163818,-0.16949463,-0.3838501,-0.31402588,0.29486084,1.0092163,0.871521,0.49749756,0.42962646,0.47747803,0.4130249,0.16448975,-0.109436035,0.40716553,1.031189,0.93548584,0.5648804,0.35687256,0.41937256
1.4515991,1.461853,1.1122437,0.65667725,0.29974365,0.18890381,0.262146,0.09173584,-0.11187744,-0.10650635,-0.17877197,-0.5796509,-0.79156494,-0.82281494,-1.0117798,-0.600647,-0.16119385,0.11468506,-0.017150879,-0.315979,-0.4697876,-0.9414673,-1.5650024,-1.2676392,-1.1792603,-0.83258057,0.14056396,0.14056396,-0.45220947,-0.9985962,-1.1069946,-0.63482666,-0.1987915,0.16204834,0.2255249,0.6288452,0.5282593,0.24212646,0.20404053,0.19281006,-0.26568604,-0.032287598,0.9789429,1.0263062,0.77386475,0.7260132,0.5360718,0.3768921,0.34466553,0.30267334,0.035095215,0.1630249,0.2675171,0.90667725,1.0844116,0.8529663,0.87493896,0.6547241
0.6376343,0.91741943,0.72161865,0.5145874,0.355896,0.14593506,0.074645996,0.0014038086,0.03363037,0.2909546,0.35150146,0.0048217773,-0.46929932,-0.6445923,-0.50445557,-0.17828369,-0.0029907227,0.22943115,0.31536865,0.35882568,0.0048217773,-0.13238525,-0.56988525,-0.9258423,-0.7564087,-0.8399048,-0.3477173,0.039489746,-0.22808838,-0.5552368,-0.6133423,-0.10308838,0.26068115,0.23919678,0.30560303,0.6884155,0.5922241,0.023376465,-0.101623535,0.1918335,0.30023193,0.618103,1.2958374,1.0429077,0.8456421,0.8851929,0.5687866,0.26898193,0.18792725,0.14251709,0.13372803,0.230896,0.34710693,0.50775146,0.73480225,0.77874756,0.45062256,0.64105225
0.101989746,0.08343506,0.38226318,0.31048584,0.014587402,-0.09918213,-0.03326416,0.020446777,0.0770874,0.38275146,0.4935913,0.32855225,-0.09136963,-0.4356079,-0.32720947,-0.20172119,-0.22515869,-0.19390869,-0.17633057,0.16400146,0.18841553,0.14447021,0.13861084,-0.23248291,-0.62164307,-0.53375244,-0.519104,-0.13873291,0.13470459,-0.32330322,-0.49224854,-0.20220947,0.078552246,0.32122803,0.5878296,0.6088257,0.35101318,0.047302246,-0.101623535,0.031188965,0.34661865,0.9501343,1.5419312,1.4335327,1.0761108,1.0394897,1.0140991,0.6415405,0.36224365,0.24066162,0.23284912,0.49945068,0.68499756,0.590271,0.3944702,0.34613037,0.43988037,0.8065796
